   occupation matrix (subspace #           1 , spin            1 )
   0.16770  -0.00008   0.05023   0.00008   0.00000
  -0.00008   0.15586   0.00005  -0.06246  -0.00002
   0.05023   0.00005   0.10969  -0.00005   0.00000
   0.00008  -0.06246  -0.00005   0.15587  -0.00002
   0.00000  -0.00002   0.00000  -0.00002   0.09878
   occupation matrix (subspace #           2 , spin            1 )
   0.16693   0.00000  -0.05112   0.00000  -0.00000
   0.00000   0.15759   0.00000   0.06340   0.00000
  -0.05112   0.00000   0.10738   0.00000   0.00000
   0.00000   0.06340   0.00000   0.15759  -0.00000
  -0.00000   0.00000   0.00000  -0.00000   0.09891
   occupation matrix (subspace #           3 , spin            1 )
   0.16755   0.00000   0.05022  -0.00000   0.00000
   0.00000   0.15569  -0.00000  -0.06186   0.00000
   0.05022  -0.00000   0.11007   0.00000   0.00000
  -0.00000  -0.06186   0.00000   0.15569   0.00000
   0.00000   0.00000   0.00000   0.00000   0.09878
   occupation matrix (subspace #           4 , spin            1 )
   0.16790   0.00000  -0.05188  -0.00000  -0.00000
   0.00000   0.15698  -0.00000   0.06308   0.00000
  -0.05188  -0.00000   0.10661  -0.00000   0.00000
  -0.00000   0.06308  -0.00000   0.15698   0.00000
  -0.00000   0.00000   0.00000   0.00000   0.09900
   occupation matrix (subspace #           5 , spin            1 )
   0.16770   0.00008   0.05023  -0.00008   0.00000
   0.00008   0.15586  -0.00005  -0.06246   0.00002
   0.05023  -0.00005   0.10969   0.00005   0.00000
  -0.00008  -0.06246   0.00005   0.15587   0.00002
   0.00000   0.00002   0.00000   0.00002   0.09878
   occupation matrix (subspace #           6 , spin            1 )
   0.16790  -0.00000  -0.05188   0.00000  -0.00000
  -0.00000   0.15698   0.00000   0.06308  -0.00000
  -0.05188   0.00000   0.10661  -0.00000   0.00000
   0.00000   0.06308  -0.00000   0.15698  -0.00000
  -0.00000  -0.00000   0.00000  -0.00000   0.09900
   occupation matrix (subspace #           7 , spin            1 )
   0.16413  -0.00002   0.05282   0.00006   0.00049
  -0.00002   0.15805  -0.00001  -0.06382  -0.00009
   0.05282  -0.00001   0.10621   0.00020   0.00023
   0.00006  -0.06382   0.00020   0.15852   0.00014
   0.00049  -0.00009   0.00023   0.00014   0.09866
   occupation matrix (subspace #           8 , spin            1 )
   0.16433  -0.00000  -0.05287  -0.00000  -0.00026
  -0.00000   0.15797  -0.00000   0.06370  -0.00000
  -0.05287  -0.00000   0.10621   0.00000   0.00008
  -0.00000   0.06370   0.00000   0.15820   0.00000
  -0.00026  -0.00000   0.00008   0.00000   0.09874
   occupation matrix (subspace #           9 , spin            1 )
   0.16424   0.00000   0.05281  -0.00000   0.00016
   0.00000   0.15833   0.00000  -0.06378   0.00000
   0.05281   0.00000   0.10625  -0.00000   0.00003
  -0.00000  -0.06378  -0.00000   0.15815   0.00000
   0.00016   0.00000   0.00003   0.00000   0.09857
   occupation matrix (subspace #          10 , spin            1 )
   0.16422   0.00006  -0.05283  -0.00003  -0.00006
   0.00006   0.15818   0.00013   0.06373  -0.00010
  -0.05283   0.00013   0.10639   0.00023  -0.00003
  -0.00003   0.06373   0.00023   0.15809   0.00023
  -0.00006  -0.00010  -0.00003   0.00023   0.09873
   occupation matrix (subspace #          11 , spin            1 )
   0.16413   0.00002   0.05282  -0.00006   0.00049
   0.00002   0.15805   0.00001  -0.06382   0.00009
   0.05282   0.00001   0.10621  -0.00020   0.00023
  -0.00006  -0.06382  -0.00020   0.15852  -0.00014
   0.00049   0.00009   0.00023  -0.00014   0.09866
   occupation matrix (subspace #          12 , spin            1 )
   0.16422  -0.00006  -0.05283   0.00003  -0.00006
  -0.00006   0.15818  -0.00013   0.06373   0.00010
  -0.05283  -0.00013   0.10639  -0.00023  -0.00003
   0.00003   0.06373  -0.00023   0.15809  -0.00023
  -0.00006   0.00010  -0.00003  -0.00023   0.09873
   occupation matrix (subspace #          13 , spin            1 )
   0.16375  -0.00016   0.05216  -0.00016   0.00000
  -0.00016   0.15861   0.00002  -0.06405   0.00001
   0.05216   0.00002   0.10604   0.00002   0.00000
  -0.00016  -0.06405   0.00002   0.15861  -0.00001
   0.00000   0.00001   0.00000  -0.00001   0.09940
   occupation matrix (subspace #          14 , spin            1 )
   0.16433   0.00000  -0.05287   0.00000  -0.00026
   0.00000   0.15797  -0.00000   0.06370   0.00000
  -0.05287  -0.00000   0.10621  -0.00000   0.00008
   0.00000   0.06370  -0.00000   0.15820  -0.00000
  -0.00026   0.00000   0.00008  -0.00000   0.09874
   occupation matrix (subspace #          15 , spin            1 )
   0.16459   0.00000   0.05322   0.00000   0.00000
   0.00000   0.15804  -0.00000  -0.06386   0.00000
   0.05322  -0.00000   0.10612  -0.00000   0.00000
   0.00000  -0.06386  -0.00000   0.15804   0.00000
   0.00000   0.00000   0.00000   0.00000   0.09990
   occupation matrix (subspace #          16 , spin            1 )
   0.16422  -0.00006  -0.05283   0.00003  -0.00006
  -0.00006   0.15818  -0.00013   0.06373   0.00010
  -0.05283  -0.00013   0.10639  -0.00023  -0.00003
   0.00003   0.06373  -0.00023   0.15809  -0.00023
  -0.00006   0.00010  -0.00003  -0.00023   0.09873
   occupation matrix (subspace #          17 , spin            1 )
   0.16375   0.00016   0.05216   0.00016   0.00000
   0.00016   0.15861  -0.00002  -0.06405  -0.00001
   0.05216  -0.00002   0.10604  -0.00002   0.00000
   0.00016  -0.06405  -0.00002   0.15861   0.00001
   0.00000  -0.00001   0.00000   0.00001   0.09940
   occupation matrix (subspace #          18 , spin            1 )
   0.16422   0.00006  -0.05283  -0.00003  -0.00006
   0.00006   0.15818   0.00013   0.06373  -0.00010
  -0.05283   0.00013   0.10639   0.00023  -0.00003
  -0.00003   0.06373   0.00023   0.15809   0.00023
  -0.00006  -0.00010  -0.00003   0.00023   0.09873
   occupation matrix (subspace #          19 , spin            1 )
   0.16413  -0.00006   0.05282   0.00002  -0.00049
  -0.00006   0.15851  -0.00020  -0.06382   0.00014
   0.05282  -0.00020   0.10621   0.00001  -0.00022
   0.00002  -0.06382   0.00001   0.15806  -0.00009
  -0.00049   0.00014  -0.00022  -0.00009   0.09866
   occupation matrix (subspace #          20 , spin            1 )
   0.16433   0.00000  -0.05287   0.00000   0.00026
   0.00000   0.15820   0.00000   0.06370   0.00000
  -0.05287   0.00000   0.10621   0.00000  -0.00008
   0.00000   0.06370   0.00000   0.15798   0.00000
   0.00026   0.00000  -0.00008   0.00000   0.09874
   occupation matrix (subspace #          21 , spin            1 )
   0.16424  -0.00000   0.05281   0.00000  -0.00015
  -0.00000   0.15814  -0.00000  -0.06378   0.00000
   0.05281  -0.00000   0.10625   0.00000  -0.00003
   0.00000  -0.06378   0.00000   0.15833   0.00000
  -0.00015   0.00000  -0.00003   0.00000   0.09857
   occupation matrix (subspace #          22 , spin            1 )
   0.16422   0.00003  -0.05283  -0.00006   0.00006
   0.00003   0.15809  -0.00023   0.06373   0.00023
  -0.05283  -0.00023   0.10639  -0.00013   0.00003
  -0.00006   0.06373  -0.00013   0.15819  -0.00010
   0.00006   0.00023   0.00003  -0.00010   0.09873
   occupation matrix (subspace #          23 , spin            1 )
   0.16413   0.00006   0.05282  -0.00002  -0.00049
   0.00006   0.15851   0.00020  -0.06382  -0.00014
   0.05282   0.00020   0.10621  -0.00001  -0.00022
  -0.00002  -0.06382  -0.00001   0.15806   0.00009
  -0.00049  -0.00014  -0.00022   0.00009   0.09866
   occupation matrix (subspace #          24 , spin            1 )
   0.16422  -0.00003  -0.05283   0.00006   0.00006
  -0.00003   0.15809   0.00023   0.06373  -0.00023
  -0.05283   0.00023   0.10639   0.00013   0.00003
   0.00006   0.06373   0.00013   0.15819   0.00010
   0.00006  -0.00023   0.00003   0.00010   0.09873
   occupation matrix (subspace #          25 , spin            1 )
   0.17326   0.00000   0.04212  -0.00000   0.00000
   0.00000   0.15474   0.00000  -0.06263  -0.00000
   0.04212   0.00000   0.11396  -0.00000   0.00000
  -0.00000  -0.06263  -0.00000   0.15474  -0.00000
   0.00000  -0.00000   0.00000  -0.00000   0.09821
   occupation matrix (subspace #          26 , spin            1 )
   0.16505   0.00000  -0.05113  -0.00000  -0.00000
   0.00000   0.15906   0.00000   0.06417   0.00000
  -0.05113   0.00000   0.10606  -0.00000   0.00000
  -0.00000   0.06417  -0.00000   0.15906  -0.00000
  -0.00000   0.00000   0.00000  -0.00000   0.09841
   occupation matrix (subspace #          27 , spin            1 )
   0.30863  -0.00000   0.05535  -0.00000   0.00000
  -0.00000   0.30696   0.00000  -0.04067   0.00000
   0.05535   0.00000   0.25181   0.00000   0.00000
  -0.00000  -0.04067   0.00000   0.30696   0.00000
   0.00000   0.00000   0.00000   0.00000   0.26200
   occupation matrix (subspace #          28 , spin            1 )
   0.16655  -0.00069  -0.05290   0.00069  -0.00000
  -0.00069   0.15830   0.00033   0.06327  -0.00005
  -0.05290   0.00033   0.10565  -0.00033   0.00000
   0.00069   0.06327  -0.00033   0.15830  -0.00005
  -0.00000  -0.00005   0.00000  -0.00005   0.10014
   occupation matrix (subspace #          29 , spin            1 )
   0.17326  -0.00000   0.04212   0.00000   0.00000
  -0.00000   0.15474  -0.00000  -0.06263   0.00000
   0.04212  -0.00000   0.11396  -0.00000   0.00000
   0.00000  -0.06263  -0.00000   0.15474   0.00000
   0.00000   0.00000   0.00000   0.00000   0.09821
   occupation matrix (subspace #          30 , spin            1 )
   0.16655   0.00069  -0.05290  -0.00069  -0.00000
   0.00069   0.15830  -0.00033   0.06327   0.00005
  -0.05290  -0.00033   0.10565   0.00033   0.00000
  -0.00069   0.06327   0.00033   0.15830   0.00005
  -0.00000   0.00005   0.00000   0.00005   0.10014
   occupation matrix (subspace #          31 , spin            1 )
   0.16413   0.00006   0.05282  -0.00002  -0.00049
   0.00006   0.15851   0.00020  -0.06382  -0.00014
   0.05282   0.00020   0.10621  -0.00001  -0.00022
  -0.00002  -0.06382  -0.00001   0.15806   0.00009
  -0.00049  -0.00014  -0.00022   0.00009   0.09866
   occupation matrix (subspace #          32 , spin            1 )
   0.16464   0.00000  -0.05193   0.00000  -0.00000
   0.00000   0.15767  -0.00000   0.06273   0.00000
  -0.05193  -0.00000   0.10894  -0.00000   0.00000
   0.00000   0.06273  -0.00000   0.15767  -0.00000
  -0.00000   0.00000   0.00000  -0.00000   0.09910
   occupation matrix (subspace #          33 , spin            1 )
   0.16424   0.00000   0.05281   0.00000  -0.00015
   0.00000   0.15814  -0.00000  -0.06378  -0.00000
   0.05281  -0.00000   0.10625   0.00000  -0.00003
   0.00000  -0.06378   0.00000   0.15833  -0.00000
  -0.00015  -0.00000  -0.00003  -0.00000   0.09857
   occupation matrix (subspace #          34 , spin            1 )
   0.16473   0.00025  -0.05250   0.00025  -0.00000
   0.00025   0.15737  -0.00036   0.06208   0.00058
  -0.05250  -0.00036   0.10868  -0.00036   0.00000
   0.00025   0.06208  -0.00036   0.15738  -0.00058
  -0.00000   0.00058   0.00000  -0.00058   0.09922
   occupation matrix (subspace #          35 , spin            1 )
   0.16413  -0.00006   0.05282   0.00002  -0.00049
  -0.00006   0.15851  -0.00020  -0.06382   0.00014
   0.05282  -0.00020   0.10621   0.00001  -0.00022
   0.00002  -0.06382   0.00001   0.15806  -0.00009
  -0.00049   0.00014  -0.00022  -0.00009   0.09866
   occupation matrix (subspace #          36 , spin            1 )
   0.16473  -0.00025  -0.05250  -0.00025  -0.00000
  -0.00025   0.15737   0.00036   0.06208  -0.00058
  -0.05250   0.00036   0.10868   0.00036   0.00000
  -0.00025   0.06208   0.00036   0.15738   0.00058
  -0.00000  -0.00058   0.00000   0.00058   0.09922
   occupation matrix (subspace #          37 , spin            1 )
   0.16375   0.00016   0.05216   0.00016   0.00000
   0.00016   0.15861  -0.00002  -0.06405  -0.00001
   0.05216  -0.00002   0.10604  -0.00002   0.00000
   0.00016  -0.06405  -0.00002   0.15861   0.00001
   0.00000  -0.00001   0.00000   0.00001   0.09940
   occupation matrix (subspace #          38 , spin            1 )
   0.16433   0.00000  -0.05287  -0.00000   0.00026
   0.00000   0.15820   0.00000   0.06370  -0.00000
  -0.05287   0.00000   0.10621  -0.00000  -0.00008
  -0.00000   0.06370  -0.00000   0.15798  -0.00000
   0.00026  -0.00000  -0.00008  -0.00000   0.09874
   occupation matrix (subspace #          39 , spin            1 )
   0.16459   0.00000   0.05322  -0.00000   0.00000
   0.00000   0.15804   0.00000  -0.06386  -0.00000
   0.05322   0.00000   0.10612  -0.00000   0.00000
  -0.00000  -0.06386  -0.00000   0.15804  -0.00000
   0.00000  -0.00000   0.00000  -0.00000   0.09990
   occupation matrix (subspace #          40 , spin            1 )
   0.16422  -0.00003  -0.05283   0.00006   0.00006
  -0.00003   0.15809   0.00023   0.06373  -0.00023
  -0.05283   0.00023   0.10639   0.00013   0.00003
   0.00006   0.06373   0.00013   0.15819   0.00010
   0.00006  -0.00023   0.00003   0.00010   0.09873
   occupation matrix (subspace #          41 , spin            1 )
   0.16375  -0.00016   0.05216  -0.00016   0.00000
  -0.00016   0.15861   0.00002  -0.06405   0.00001
   0.05216   0.00002   0.10604   0.00002   0.00000
  -0.00016  -0.06405   0.00002   0.15861  -0.00001
   0.00000   0.00001   0.00000  -0.00001   0.09940
   occupation matrix (subspace #          42 , spin            1 )
   0.16422   0.00003  -0.05283  -0.00006   0.00006
   0.00003   0.15809  -0.00023   0.06373   0.00023
  -0.05283  -0.00023   0.10639  -0.00013   0.00003
  -0.00006   0.06373  -0.00013   0.15819  -0.00010
   0.00006   0.00023   0.00003  -0.00010   0.09873
   occupation matrix (subspace #          43 , spin            1 )
   0.16413   0.00002   0.05282  -0.00006   0.00049
   0.00002   0.15805   0.00001  -0.06382   0.00009
   0.05282   0.00001   0.10621  -0.00020   0.00023
  -0.00006  -0.06382  -0.00020   0.15852  -0.00014
   0.00049   0.00009   0.00023  -0.00014   0.09866
   occupation matrix (subspace #          44 , spin            1 )
   0.16464  -0.00000  -0.05193  -0.00000  -0.00000
  -0.00000   0.15767  -0.00000   0.06273  -0.00000
  -0.05193  -0.00000   0.10894  -0.00000   0.00000
  -0.00000   0.06273  -0.00000   0.15767   0.00000
  -0.00000  -0.00000   0.00000   0.00000   0.09910
   occupation matrix (subspace #          45 , spin            1 )
   0.16424  -0.00000   0.05281  -0.00000   0.00016
  -0.00000   0.15833  -0.00000  -0.06378  -0.00000
   0.05281  -0.00000   0.10625   0.00000   0.00003
  -0.00000  -0.06378   0.00000   0.15815  -0.00000
   0.00016  -0.00000   0.00003  -0.00000   0.09857
   occupation matrix (subspace #          46 , spin            1 )
   0.16473  -0.00025  -0.05250  -0.00025  -0.00000
  -0.00025   0.15737   0.00036   0.06208  -0.00058
  -0.05250   0.00036   0.10868   0.00036   0.00000
  -0.00025   0.06208   0.00036   0.15738   0.00058
  -0.00000  -0.00058   0.00000   0.00058   0.09922
   occupation matrix (subspace #          47 , spin            1 )
   0.16413  -0.00002   0.05282   0.00006   0.00049
  -0.00002   0.15805  -0.00001  -0.06382  -0.00009
   0.05282  -0.00001   0.10621   0.00020   0.00023
   0.00006  -0.06382   0.00020   0.15852   0.00014
   0.00049  -0.00009   0.00023   0.00014   0.09866
   occupation matrix (subspace #          48 , spin            1 )
   0.16473   0.00025  -0.05250   0.00025  -0.00000
   0.00025   0.15737  -0.00036   0.06208   0.00058
  -0.05250  -0.00036   0.10868  -0.00036   0.00000
   0.00025   0.06208  -0.00036   0.15738  -0.00058
  -0.00000   0.00058   0.00000  -0.00058   0.09922
   occupation matrix (subspace #          49 , spin            1 )
   0.16770   0.00008   0.05023  -0.00008   0.00000
   0.00008   0.15586  -0.00005  -0.06246   0.00002
   0.05023  -0.00005   0.10969   0.00005   0.00000
  -0.00008  -0.06246   0.00005   0.15587   0.00002
   0.00000   0.00002   0.00000   0.00002   0.09878
   occupation matrix (subspace #          50 , spin            1 )
   0.16505  -0.00000  -0.05113   0.00000  -0.00000
  -0.00000   0.15906   0.00000   0.06417  -0.00000
  -0.05113   0.00000   0.10606   0.00000   0.00000
   0.00000   0.06417   0.00000   0.15906  -0.00000
  -0.00000  -0.00000   0.00000  -0.00000   0.09841
   occupation matrix (subspace #          51 , spin            1 )
   0.16755  -0.00000   0.05022   0.00000   0.00000
  -0.00000   0.15569   0.00000  -0.06186  -0.00000
   0.05022   0.00000   0.11007  -0.00000   0.00000
   0.00000  -0.06186  -0.00000   0.15569  -0.00000
   0.00000  -0.00000   0.00000  -0.00000   0.09878
   occupation matrix (subspace #          52 , spin            1 )
   0.16655   0.00069  -0.05290  -0.00069  -0.00000
   0.00069   0.15830  -0.00033   0.06327   0.00005
  -0.05290  -0.00033   0.10565   0.00033   0.00000
  -0.00069   0.06327   0.00033   0.15830   0.00005
  -0.00000   0.00005   0.00000   0.00005   0.10014
   occupation matrix (subspace #          53 , spin            1 )
   0.16770  -0.00008   0.05023   0.00008   0.00000
  -0.00008   0.15586   0.00005  -0.06246  -0.00002
   0.05023   0.00005   0.10969  -0.00005   0.00000
   0.00008  -0.06246  -0.00005   0.15587  -0.00002
   0.00000  -0.00002   0.00000  -0.00002   0.09878
   occupation matrix (subspace #          54 , spin            1 )
   0.16655  -0.00069  -0.05290   0.00069  -0.00000
  -0.00069   0.15830   0.00033   0.06327  -0.00005
  -0.05290   0.00033   0.10565  -0.00033   0.00000
   0.00069   0.06327  -0.00033   0.15830  -0.00005
  -0.00000  -0.00005   0.00000  -0.00005   0.10014
