   occupation matrix (subspace #           1 , spin            1 )
   0.10188  -0.00003   0.00000   0.00002   0.00001
  -0.00003   0.09061   0.00002  -0.00000   0.00002
   0.00000   0.00002   0.20873  -0.00011  -0.00004
   0.00002  -0.00000  -0.00011   0.09085   0.00001
   0.00001   0.00002  -0.00004   0.00001   0.19801
   occupation matrix (subspace #           2 , spin            1 )
   0.10189   0.00000  -0.00000  -0.00000   0.00001
   0.00000   0.09077   0.00000   0.00000  -0.00000
  -0.00000   0.00000   0.20870   0.00004  -0.00002
  -0.00000   0.00000   0.00004   0.09071  -0.00008
   0.00001  -0.00000  -0.00002  -0.00008   0.19803
   occupation matrix (subspace #           3 , spin            1 )
   0.10189   0.00000  -0.00000   0.00000   0.00000
   0.00000   0.09076  -0.00000   0.00000  -0.00000
  -0.00000  -0.00000   0.20869  -0.00001   0.00000
   0.00000   0.00000  -0.00001   0.09071   0.00000
   0.00000  -0.00000   0.00000   0.00000   0.19805
   occupation matrix (subspace #           4 , spin            1 )
   0.10189   0.00000  -0.00000   0.00000   0.00000
   0.00000   0.09074   0.00000  -0.00000   0.00000
  -0.00000   0.00000   0.20868  -0.00001   0.00001
   0.00000  -0.00000  -0.00001   0.09074  -0.00001
   0.00000   0.00000   0.00001  -0.00001   0.19805
   occupation matrix (subspace #           5 , spin            1 )
   0.10185   0.00006   0.00014  -0.00015   0.00012
   0.00006   0.09269   0.00066   0.00007  -0.00004
   0.00014   0.00066   0.20912   0.00074   0.00035
  -0.00015   0.00007   0.00074   0.08933  -0.00164
   0.00012  -0.00004   0.00035  -0.00164   0.19772
   occupation matrix (subspace #           6 , spin            1 )
   0.10466   0.00082   0.00012   0.00082   0.00000
   0.00082   0.09117   0.00065   0.00011   0.00011
   0.00012   0.00065   0.20588   0.00065   0.00000
   0.00082   0.00011   0.00065   0.09117  -0.00011
   0.00000   0.00011   0.00000  -0.00011   0.19834
   occupation matrix (subspace #           7 , spin            1 )
   0.10184   0.00004  -0.00000  -0.00000   0.00000
   0.00004   0.09058  -0.00000   0.00000  -0.00000
  -0.00000  -0.00000   0.20859   0.00036  -0.00019
  -0.00000   0.00000   0.00036   0.09085  -0.00055
   0.00000  -0.00000  -0.00019  -0.00055   0.19821
   occupation matrix (subspace #           8 , spin            1 )
   0.10197   0.00005  -0.00000   0.00000  -0.00000
   0.00005   0.09122   0.00000  -0.00000  -0.00000
  -0.00000   0.00000   0.20835   0.00065   0.00013
   0.00000  -0.00000   0.00065   0.09022  -0.00019
  -0.00000  -0.00000   0.00013  -0.00019   0.19827
   occupation matrix (subspace #           9 , spin            1 )
   0.10188   0.00001  -0.00000   0.00000   0.00000
   0.00001   0.09075  -0.00000   0.00000   0.00001
  -0.00000  -0.00000   0.20871   0.00002   0.00000
   0.00000   0.00000   0.00002   0.09073  -0.00003
   0.00000   0.00001   0.00000  -0.00003   0.19804
   occupation matrix (subspace #          10 , spin            1 )
   0.10189  -0.00000  -0.00000   0.00000  -0.00001
  -0.00000   0.09072   0.00004   0.00000   0.00008
  -0.00000   0.00004   0.20870   0.00000   0.00002
   0.00000   0.00000   0.00000   0.09077   0.00000
  -0.00001   0.00008   0.00002   0.00000   0.19803
   occupation matrix (subspace #          11 , spin            1 )
   0.10168  -0.00004  -0.00000  -0.00000   0.00000
  -0.00004   0.09047  -0.00000   0.00000  -0.00000
  -0.00000  -0.00000   0.20915  -0.00024  -0.00025
  -0.00000   0.00000  -0.00024   0.09082  -0.00013
   0.00000  -0.00000  -0.00025  -0.00013   0.19769
   occupation matrix (subspace #          12 , spin            1 )
   0.10180   0.00004   0.00000   0.00000  -0.00000
   0.00004   0.09055   0.00000  -0.00000   0.00000
   0.00000   0.00000   0.20890   0.00007  -0.00008
   0.00000  -0.00000   0.00007   0.09079  -0.00010
  -0.00000   0.00000  -0.00008  -0.00010   0.19800
   occupation matrix (subspace #          13 , spin            1 )
   0.10201  -0.00003   0.00000   0.00000  -0.00000
  -0.00003   0.09093   0.00000   0.00000   0.00000
   0.00000   0.00000   0.20846   0.00001   0.00000
   0.00000   0.00000   0.00001   0.09060   0.00005
  -0.00000   0.00000   0.00000   0.00005   0.19817
   occupation matrix (subspace #          14 , spin            1 )
   0.10186  -0.00000   0.00000   0.00000  -0.00000
  -0.00000   0.09074  -0.00000  -0.00000   0.00000
   0.00000  -0.00000   0.20878   0.00005   0.00005
   0.00000  -0.00000   0.00005   0.09073  -0.00008
  -0.00000   0.00000   0.00005  -0.00008   0.19799
   occupation matrix (subspace #          15 , spin            1 )
   0.10188   0.00000  -0.00000   0.00000   0.00000
   0.00000   0.09074  -0.00000   0.00000  -0.00000
  -0.00000  -0.00000   0.20870  -0.00000   0.00000
   0.00000   0.00000  -0.00000   0.09074   0.00000
   0.00000  -0.00000   0.00000   0.00000   0.19804
   occupation matrix (subspace #          16 , spin            1 )
   0.10188   0.00000  -0.00000   0.00001  -0.00000
   0.00000   0.09073   0.00002   0.00000   0.00003
  -0.00000   0.00002   0.20871  -0.00000  -0.00000
   0.00001   0.00000  -0.00000   0.09074  -0.00001
  -0.00000   0.00003  -0.00000  -0.00001   0.19804
   occupation matrix (subspace #          17 , spin            1 )
   0.10860  -0.00068   0.00000   0.00000   0.00000
  -0.00068   0.08968   0.00000  -0.00000   0.00000
   0.00000   0.00000   0.20411   0.00332   0.00363
   0.00000  -0.00000   0.00332   0.09366  -0.00144
   0.00000   0.00000   0.00363  -0.00144   0.19785
   occupation matrix (subspace #          18 , spin            1 )
   0.11098   0.00376  -0.00000  -0.00000   0.00000
   0.00376   0.08414  -0.00000  -0.00000  -0.00000
  -0.00000  -0.00000   0.20750  -0.00237  -0.00265
  -0.00000  -0.00000  -0.00237   0.09232   0.00297
   0.00000  -0.00000  -0.00265   0.00297   0.20001
   occupation matrix (subspace #          19 , spin            1 )
   0.10169  -0.00053   0.00000  -0.00007   0.00023
  -0.00053   0.09123  -0.00052  -0.00004   0.00017
   0.00000  -0.00052   0.20883   0.00001  -0.00005
  -0.00007  -0.00004   0.00001   0.09070   0.00015
   0.00023   0.00017  -0.00005   0.00015   0.19797
   occupation matrix (subspace #          20 , spin            1 )
   0.10185  -0.00015   0.00014   0.00006  -0.00012
  -0.00015   0.08933   0.00074   0.00007   0.00164
   0.00014   0.00074   0.20912   0.00066  -0.00035
   0.00006   0.00007   0.00066   0.09269   0.00004
  -0.00012   0.00164  -0.00035   0.00004   0.19772
   occupation matrix (subspace #          21 , spin            1 )
   0.10188   0.00001  -0.00000   0.00000   0.00000
   0.00001   0.09075   0.00000   0.00000  -0.00000
  -0.00000   0.00000   0.20871   0.00002   0.00000
   0.00000   0.00000   0.00002   0.09072  -0.00003
   0.00000  -0.00000   0.00000  -0.00003   0.19804
   occupation matrix (subspace #          22 , spin            1 )
   0.10188  -0.00001  -0.00000  -0.00000   0.00000
  -0.00001   0.09071   0.00000  -0.00000  -0.00000
  -0.00000   0.00000   0.20868  -0.00000   0.00003
  -0.00000  -0.00000  -0.00000   0.09075   0.00001
   0.00000  -0.00000   0.00003   0.00001   0.19806
   occupation matrix (subspace #          23 , spin            1 )
   0.10169  -0.00007   0.00000  -0.00053  -0.00023
  -0.00007   0.09070   0.00001  -0.00004  -0.00015
   0.00000   0.00001   0.20883  -0.00052   0.00005
  -0.00053  -0.00004  -0.00052   0.09123  -0.00017
  -0.00023  -0.00015   0.00005  -0.00017   0.19797
   occupation matrix (subspace #          24 , spin            1 )
   0.10188   0.00002   0.00000  -0.00003  -0.00001
   0.00002   0.09085  -0.00011  -0.00000  -0.00001
   0.00000  -0.00011   0.20873   0.00002   0.00004
  -0.00003  -0.00000   0.00002   0.09061  -0.00002
  -0.00001  -0.00001   0.00004  -0.00002   0.19801
   occupation matrix (subspace #          25 , spin            1 )
   0.10188  -0.00003  -0.00000  -0.00002  -0.00001
  -0.00003   0.09061  -0.00002   0.00000  -0.00002
  -0.00000  -0.00002   0.20873  -0.00011  -0.00004
  -0.00002   0.00000  -0.00011   0.09085   0.00001
  -0.00001  -0.00002  -0.00004   0.00001   0.19801
   occupation matrix (subspace #          26 , spin            1 )
   0.10189   0.00000   0.00000   0.00000  -0.00001
   0.00000   0.09077  -0.00000  -0.00000   0.00000
   0.00000  -0.00000   0.20870   0.00004  -0.00002
   0.00000  -0.00000   0.00004   0.09071  -0.00008
  -0.00001   0.00000  -0.00002  -0.00008   0.19803
   occupation matrix (subspace #          27 , spin            1 )
   0.10188   0.00000   0.00000  -0.00000  -0.00000
   0.00000   0.09074   0.00000  -0.00000   0.00000
   0.00000   0.00000   0.20870  -0.00000   0.00000
  -0.00000  -0.00000  -0.00000   0.09074   0.00000
  -0.00000   0.00000   0.00000   0.00000   0.19804
   occupation matrix (subspace #          28 , spin            1 )
   0.10188   0.00000   0.00000  -0.00001   0.00000
   0.00000   0.09073  -0.00002  -0.00000  -0.00003
   0.00000  -0.00002   0.20871  -0.00000  -0.00000
  -0.00001  -0.00000  -0.00000   0.09074  -0.00001
   0.00000  -0.00003  -0.00000  -0.00001   0.19804
   occupation matrix (subspace #          29 , spin            1 )
   0.10185   0.00006  -0.00014   0.00015  -0.00012
   0.00006   0.09269  -0.00066  -0.00007   0.00004
  -0.00014  -0.00066   0.20912   0.00074   0.00035
   0.00015  -0.00007   0.00074   0.08933  -0.00164
  -0.00012   0.00004   0.00035  -0.00164   0.19772
   occupation matrix (subspace #          30 , spin            1 )
   0.10466   0.00082  -0.00012  -0.00082  -0.00000
   0.00082   0.09117  -0.00065  -0.00011  -0.00011
  -0.00012  -0.00065   0.20588   0.00065   0.00000
  -0.00082  -0.00011   0.00065   0.09117  -0.00011
  -0.00000  -0.00011   0.00000  -0.00011   0.19834
   occupation matrix (subspace #          31 , spin            1 )
   0.10169  -0.00053  -0.00000   0.00007  -0.00023
  -0.00053   0.09123   0.00052   0.00004  -0.00017
  -0.00000   0.00052   0.20883   0.00001  -0.00005
   0.00007   0.00004   0.00001   0.09070   0.00015
  -0.00023  -0.00017  -0.00005   0.00015   0.19797
   occupation matrix (subspace #          32 , spin            1 )
   0.10185  -0.00015  -0.00014  -0.00006   0.00012
  -0.00015   0.08933  -0.00074  -0.00007  -0.00164
  -0.00014  -0.00074   0.20912   0.00066  -0.00035
  -0.00006  -0.00007   0.00066   0.09269   0.00004
   0.00012  -0.00164  -0.00035   0.00004   0.19772
   occupation matrix (subspace #          33 , spin            1 )
   0.10188   0.00001   0.00000  -0.00000  -0.00000
   0.00001   0.09075   0.00000  -0.00000  -0.00001
   0.00000   0.00000   0.20871   0.00002   0.00000
  -0.00000  -0.00000   0.00002   0.09073  -0.00003
  -0.00000  -0.00001   0.00000  -0.00003   0.19804
   occupation matrix (subspace #          34 , spin            1 )
   0.10189  -0.00000   0.00000  -0.00000   0.00001
  -0.00000   0.09071  -0.00004  -0.00000  -0.00008
   0.00000  -0.00004   0.20870   0.00000   0.00002
  -0.00000  -0.00000   0.00000   0.09077   0.00000
   0.00001  -0.00008   0.00002   0.00000   0.19803
   occupation matrix (subspace #          35 , spin            1 )
   0.10169  -0.00007  -0.00000   0.00053   0.00023
  -0.00007   0.09070  -0.00001   0.00004   0.00015
  -0.00000  -0.00001   0.20883  -0.00052   0.00005
   0.00053   0.00004  -0.00052   0.09123  -0.00017
   0.00023   0.00015   0.00005  -0.00017   0.19797
   occupation matrix (subspace #          36 , spin            1 )
   0.10188   0.00002  -0.00000   0.00003   0.00001
   0.00002   0.09085   0.00011   0.00000   0.00001
  -0.00000   0.00011   0.20873   0.00002   0.00004
   0.00003   0.00000   0.00002   0.09061  -0.00002
   0.00001   0.00001   0.00004  -0.00002   0.19801
   occupation matrix (subspace #          37 , spin            1 )
   0.10188   0.00003  -0.00000   0.00002  -0.00001
   0.00003   0.09061   0.00002   0.00000   0.00002
  -0.00000   0.00002   0.20873   0.00011  -0.00004
   0.00002   0.00000   0.00011   0.09085  -0.00001
  -0.00001   0.00002  -0.00004  -0.00001   0.19801
   occupation matrix (subspace #          38 , spin            1 )
   0.10188   0.00000  -0.00000  -0.00001   0.00000
   0.00000   0.09075  -0.00000  -0.00000  -0.00001
  -0.00000  -0.00000   0.20868   0.00000  -0.00003
  -0.00001  -0.00000   0.00000   0.09071  -0.00000
   0.00000  -0.00001  -0.00003  -0.00000   0.19806
   occupation matrix (subspace #          39 , spin            1 )
   0.10189  -0.00000  -0.00000  -0.00000   0.00000
  -0.00000   0.09076   0.00000   0.00000   0.00000
  -0.00000   0.00000   0.20869   0.00001   0.00000
  -0.00000   0.00000   0.00001   0.09071  -0.00000
   0.00000   0.00000   0.00000  -0.00000   0.19805
   occupation matrix (subspace #          40 , spin            1 )
   0.10189  -0.00000  -0.00000  -0.00000  -0.00000
  -0.00000   0.09075  -0.00000   0.00000  -0.00000
  -0.00000  -0.00000   0.20869  -0.00000   0.00000
  -0.00000   0.00000  -0.00000   0.09072   0.00000
  -0.00000  -0.00000   0.00000   0.00000   0.19805
   occupation matrix (subspace #          41 , spin            1 )
   0.10185  -0.00006  -0.00014  -0.00015  -0.00012
  -0.00006   0.09269   0.00066  -0.00007  -0.00004
  -0.00014   0.00066   0.20912  -0.00074   0.00035
  -0.00015  -0.00007  -0.00074   0.08933   0.00164
  -0.00012  -0.00004   0.00035   0.00164   0.19772
   occupation matrix (subspace #          42 , spin            1 )
   0.11098   0.00000   0.00000   0.00376   0.00000
   0.00000   0.09232  -0.00237   0.00000  -0.00297
   0.00000  -0.00237   0.20750   0.00000   0.00265
   0.00376   0.00000   0.00000   0.08414   0.00000
   0.00000  -0.00297   0.00265   0.00000   0.20001
   occupation matrix (subspace #          43 , spin            1 )
   0.10184  -0.00004   0.00000  -0.00000  -0.00000
  -0.00004   0.09058  -0.00000  -0.00000  -0.00000
   0.00000  -0.00000   0.20859  -0.00036  -0.00019
  -0.00000  -0.00000  -0.00036   0.09085   0.00055
  -0.00000  -0.00000  -0.00019   0.00055   0.19821
   occupation matrix (subspace #          44 , spin            1 )
   0.10274   0.00000   0.00000  -0.00000  -0.00000
   0.00000   0.08959  -0.00000  -0.00000  -0.00000
   0.00000  -0.00000   0.20823   0.00000  -0.00006
  -0.00000  -0.00000   0.00000   0.09224   0.00000
  -0.00000  -0.00000  -0.00006   0.00000   0.19722
   occupation matrix (subspace #          45 , spin            1 )
   0.10188  -0.00001   0.00000   0.00000  -0.00000
  -0.00001   0.09075  -0.00000  -0.00000   0.00001
   0.00000  -0.00000   0.20871  -0.00002   0.00000
   0.00000  -0.00000  -0.00002   0.09073   0.00003
  -0.00000   0.00001   0.00000   0.00003   0.19804
   occupation matrix (subspace #          46 , spin            1 )
   0.10186   0.00000  -0.00000  -0.00000  -0.00000
   0.00000   0.09073   0.00005  -0.00000   0.00008
  -0.00000   0.00005   0.20878  -0.00000  -0.00005
  -0.00000  -0.00000  -0.00000   0.09074   0.00000
  -0.00000   0.00008  -0.00005   0.00000   0.19799
   occupation matrix (subspace #          47 , spin            1 )
   0.10168   0.00004   0.00000  -0.00000  -0.00000
   0.00004   0.09047  -0.00000  -0.00000  -0.00000
   0.00000  -0.00000   0.20915   0.00024  -0.00025
  -0.00000  -0.00000   0.00024   0.09082   0.00013
  -0.00000  -0.00000  -0.00025   0.00013   0.19769
   occupation matrix (subspace #          48 , spin            1 )
   0.10188  -0.00000   0.00000  -0.00000   0.00000
  -0.00000   0.09050  -0.00000  -0.00000  -0.00000
   0.00000  -0.00000   0.20880  -0.00000  -0.00005
  -0.00000  -0.00000  -0.00000   0.09091   0.00000
   0.00000  -0.00000  -0.00005   0.00000   0.19803
   occupation matrix (subspace #          49 , spin            1 )
   0.10201   0.00003  -0.00000   0.00000   0.00000
   0.00003   0.09093   0.00000  -0.00000   0.00000
  -0.00000   0.00000   0.20846  -0.00001   0.00000
   0.00000  -0.00000  -0.00001   0.09060  -0.00005
   0.00000   0.00000   0.00000  -0.00005   0.19817
   occupation matrix (subspace #          50 , spin            1 )
   0.10188   0.00000  -0.00000   0.00000  -0.00000
   0.00000   0.09065  -0.00000   0.00000   0.00000
  -0.00000  -0.00000   0.20868   0.00000   0.00004
   0.00000   0.00000   0.00000   0.09083  -0.00000
  -0.00000   0.00000   0.00004  -0.00000   0.19807
   occupation matrix (subspace #          51 , spin            1 )
   0.10188  -0.00000   0.00000   0.00000  -0.00000
  -0.00000   0.09074  -0.00000  -0.00000  -0.00000
   0.00000  -0.00000   0.20870   0.00000   0.00000
   0.00000  -0.00000   0.00000   0.09074  -0.00000
  -0.00000  -0.00000   0.00000  -0.00000   0.19804
   occupation matrix (subspace #          52 , spin            1 )
   0.10188   0.00000  -0.00000   0.00001   0.00000
   0.00000   0.09073   0.00002  -0.00000   0.00003
  -0.00000   0.00002   0.20871  -0.00000  -0.00000
   0.00001  -0.00000  -0.00000   0.09075   0.00000
   0.00000   0.00003  -0.00000   0.00000   0.19804
   occupation matrix (subspace #          53 , spin            1 )
   0.10860   0.00068  -0.00000   0.00000   0.00000
   0.00068   0.08968   0.00000   0.00000   0.00000
  -0.00000   0.00000   0.20411  -0.00332   0.00363
   0.00000   0.00000  -0.00332   0.09366   0.00144
   0.00000   0.00000   0.00363   0.00144   0.19785
   occupation matrix (subspace #          54 , spin            1 )
   1.97804  -0.00000  -0.00000  -0.00000   0.00000
  -0.00000   2.02656  -0.00000   0.00000  -0.00000
  -0.00000  -0.00000   0.76386   0.00000   0.00000
  -0.00000   0.00000   0.00000   2.02656  -0.00000
   0.00000  -0.00000   0.00000  -0.00000   0.72548
   occupation matrix (subspace #          55 , spin            1 )
   0.10169   0.00053  -0.00000  -0.00007  -0.00023
   0.00053   0.09123  -0.00052   0.00004   0.00017
  -0.00000  -0.00052   0.20883  -0.00001  -0.00005
  -0.00007   0.00004  -0.00001   0.09070  -0.00015
  -0.00023   0.00017  -0.00005  -0.00015   0.19797
   occupation matrix (subspace #          56 , spin            1 )
   0.10860   0.00000   0.00000  -0.00068   0.00000
   0.00000   0.09367   0.00332   0.00000   0.00144
   0.00000   0.00332   0.20411   0.00000  -0.00363
  -0.00068   0.00000   0.00000   0.08968   0.00000
   0.00000   0.00144  -0.00363   0.00000   0.19785
   occupation matrix (subspace #          57 , spin            1 )
   0.10188  -0.00001   0.00000   0.00000  -0.00000
  -0.00001   0.09075   0.00000  -0.00000  -0.00000
   0.00000   0.00000   0.20871  -0.00002   0.00000
   0.00000  -0.00000  -0.00002   0.09072   0.00003
  -0.00000  -0.00000   0.00000   0.00003   0.19804
   occupation matrix (subspace #          58 , spin            1 )
   0.10188   0.00000   0.00000   0.00000   0.00000
   0.00000   0.09083   0.00000   0.00000   0.00000
   0.00000   0.00000   0.20868  -0.00000  -0.00003
   0.00000   0.00000  -0.00000   0.09065   0.00000
   0.00000   0.00000  -0.00003   0.00000   0.19807
   occupation matrix (subspace #          59 , spin            1 )
   0.10169   0.00007  -0.00000  -0.00053   0.00023
   0.00007   0.09070   0.00001   0.00004  -0.00015
  -0.00000   0.00001   0.20883   0.00052   0.00005
  -0.00053   0.00004   0.00052   0.09123   0.00017
   0.00023  -0.00015   0.00005   0.00017   0.19797
   occupation matrix (subspace #          60 , spin            1 )
   0.10201  -0.00000  -0.00000  -0.00003   0.00000
  -0.00000   0.09060   0.00001   0.00000  -0.00005
  -0.00000   0.00001   0.20846  -0.00000  -0.00000
  -0.00003   0.00000  -0.00000   0.09092   0.00000
   0.00000  -0.00005  -0.00000   0.00000   0.19817
   occupation matrix (subspace #          61 , spin            1 )
   0.10188   0.00003   0.00000  -0.00002   0.00001
   0.00003   0.09061  -0.00002  -0.00000  -0.00002
   0.00000  -0.00002   0.20873   0.00011  -0.00004
  -0.00002  -0.00000   0.00011   0.09085  -0.00001
   0.00001  -0.00002  -0.00004  -0.00001   0.19801
   occupation matrix (subspace #          62 , spin            1 )
   0.10188  -0.00000   0.00000   0.00001   0.00000
  -0.00000   0.09075   0.00000  -0.00000   0.00001
   0.00000   0.00000   0.20868  -0.00000  -0.00003
   0.00001  -0.00000  -0.00000   0.09071  -0.00000
   0.00000   0.00001  -0.00003  -0.00000   0.19806
   occupation matrix (subspace #          63 , spin            1 )
   0.10188  -0.00000  -0.00000  -0.00000   0.00000
  -0.00000   0.09074   0.00000   0.00000   0.00000
  -0.00000   0.00000   0.20870   0.00000   0.00000
  -0.00000   0.00000   0.00000   0.09074  -0.00000
   0.00000   0.00000   0.00000  -0.00000   0.19804
   occupation matrix (subspace #          64 , spin            1 )
   0.10188  -0.00000   0.00000  -0.00001   0.00000
  -0.00000   0.09073  -0.00002  -0.00000  -0.00003
   0.00000  -0.00002   0.20871  -0.00000  -0.00000
  -0.00001  -0.00000  -0.00000   0.09075   0.00000
   0.00000  -0.00003  -0.00000   0.00000   0.19804
   occupation matrix (subspace #          65 , spin            1 )
   0.10185  -0.00006   0.00014   0.00015   0.00012
  -0.00006   0.09269  -0.00066   0.00007   0.00004
   0.00014  -0.00066   0.20912  -0.00074   0.00035
   0.00015   0.00007  -0.00074   0.08933   0.00164
   0.00012   0.00004   0.00035   0.00164   0.19772
   occupation matrix (subspace #          66 , spin            1 )
   0.11098   0.00000  -0.00000  -0.00376  -0.00000
   0.00000   0.09232   0.00237  -0.00000   0.00297
  -0.00000   0.00237   0.20750   0.00000   0.00265
  -0.00376  -0.00000   0.00000   0.08414   0.00000
  -0.00000   0.00297   0.00265   0.00000   0.20001
   occupation matrix (subspace #          67 , spin            1 )
   0.10169   0.00053   0.00000   0.00007   0.00023
   0.00053   0.09123   0.00052  -0.00004  -0.00017
   0.00000   0.00052   0.20883  -0.00001  -0.00005
   0.00007  -0.00004  -0.00001   0.09070  -0.00015
   0.00023  -0.00017  -0.00005  -0.00015   0.19797
   occupation matrix (subspace #          68 , spin            1 )
   0.10860   0.00000  -0.00000   0.00068  -0.00000
   0.00000   0.09367  -0.00332   0.00000  -0.00144
  -0.00000  -0.00332   0.20411   0.00000  -0.00363
   0.00068   0.00000   0.00000   0.08968   0.00000
  -0.00000  -0.00144  -0.00363   0.00000   0.19785
   occupation matrix (subspace #          69 , spin            1 )
   0.10188  -0.00001  -0.00000  -0.00000   0.00000
  -0.00001   0.09075   0.00000   0.00000  -0.00001
  -0.00000   0.00000   0.20871  -0.00002   0.00000
  -0.00000   0.00000  -0.00002   0.09073   0.00003
   0.00000  -0.00001   0.00000   0.00003   0.19804
   occupation matrix (subspace #          70 , spin            1 )
   0.10186   0.00000  -0.00000   0.00000  -0.00000
   0.00000   0.09073  -0.00005  -0.00000  -0.00008
  -0.00000  -0.00005   0.20878   0.00000  -0.00005
   0.00000  -0.00000   0.00000   0.09074  -0.00000
  -0.00000  -0.00008  -0.00005  -0.00000   0.19799
   occupation matrix (subspace #          71 , spin            1 )
   0.10169   0.00007   0.00000   0.00053  -0.00023
   0.00007   0.09070  -0.00001  -0.00004   0.00015
   0.00000  -0.00001   0.20883   0.00052   0.00005
   0.00053  -0.00004   0.00052   0.09123   0.00017
  -0.00023   0.00015   0.00005   0.00017   0.19797
   occupation matrix (subspace #          72 , spin            1 )
   0.10201  -0.00000  -0.00000   0.00003  -0.00000
  -0.00000   0.09060  -0.00001   0.00000   0.00005
  -0.00000  -0.00001   0.20846  -0.00000  -0.00000
   0.00003   0.00000  -0.00000   0.09092   0.00000
  -0.00000   0.00005  -0.00000   0.00000   0.19817
   occupation matrix (subspace #          73 , spin            1 )
   0.10180   0.00000   0.00000   0.00004   0.00000
   0.00000   0.09079   0.00007  -0.00000   0.00010
   0.00000   0.00007   0.20890  -0.00000   0.00008
   0.00004  -0.00000  -0.00000   0.09055  -0.00000
   0.00000   0.00010   0.00008  -0.00000   0.19800
   occupation matrix (subspace #          74 , spin            1 )
   0.10189  -0.00000   0.00000  -0.00000  -0.00001
  -0.00000   0.09077   0.00000  -0.00000  -0.00000
   0.00000   0.00000   0.20870  -0.00004  -0.00002
  -0.00000  -0.00000  -0.00004   0.09071   0.00008
  -0.00001  -0.00000  -0.00002   0.00008   0.19803
   occupation matrix (subspace #          75 , spin            1 )
   0.10190  -0.00000   0.00000   0.00000  -0.00000
  -0.00000   0.09074   0.00000  -0.00000   0.00000
   0.00000   0.00000   0.20867  -0.00000   0.00000
   0.00000  -0.00000  -0.00000   0.09074   0.00000
  -0.00000   0.00000   0.00000   0.00000   0.19806
   occupation matrix (subspace #          76 , spin            1 )
   0.10189  -0.00000   0.00000  -0.00000   0.00000
  -0.00000   0.09074  -0.00000   0.00000  -0.00000
   0.00000  -0.00000   0.20868   0.00001   0.00001
  -0.00000   0.00000   0.00001   0.09074   0.00001
   0.00000  -0.00000   0.00001   0.00001   0.19805
   occupation matrix (subspace #          77 , spin            1 )
   0.10197  -0.00000   0.00000   0.00005   0.00000
  -0.00000   0.09023   0.00065   0.00000   0.00019
   0.00000   0.00065   0.20835  -0.00000  -0.00013
   0.00005   0.00000  -0.00000   0.09122   0.00000
   0.00000   0.00019  -0.00013   0.00000   0.19827
   occupation matrix (subspace #          78 , spin            1 )
   0.10466  -0.00082  -0.00012   0.00082  -0.00000
  -0.00082   0.09117   0.00065  -0.00011   0.00011
  -0.00012   0.00065   0.20588  -0.00065   0.00000
   0.00082  -0.00011  -0.00065   0.09117   0.00011
  -0.00000   0.00011   0.00000   0.00011   0.19834
   occupation matrix (subspace #          79 , spin            1 )
   0.10160   0.00000   0.00000   0.00000  -0.00000
   0.00000   0.09140   0.00000  -0.00000   0.00000
   0.00000   0.00000   0.20922   0.00000   0.00011
   0.00000  -0.00000   0.00000   0.09020  -0.00000
  -0.00000   0.00000   0.00011  -0.00000   0.19766
   occupation matrix (subspace #          80 , spin            1 )
   0.10197  -0.00005   0.00000   0.00000   0.00000
  -0.00005   0.09122   0.00000   0.00000  -0.00000
   0.00000   0.00000   0.20835  -0.00065   0.00013
   0.00000   0.00000  -0.00065   0.09022   0.00019
   0.00000  -0.00000   0.00013   0.00019   0.19827
   occupation matrix (subspace #          81 , spin            1 )
   0.10189   0.00000   0.00000   0.00000  -0.00000
   0.00000   0.09074  -0.00001  -0.00000   0.00001
   0.00000  -0.00001   0.20868   0.00000  -0.00001
   0.00000  -0.00000   0.00000   0.09074  -0.00000
  -0.00000   0.00001  -0.00001  -0.00000   0.19805
   occupation matrix (subspace #          82 , spin            1 )
   0.10189   0.00000   0.00000   0.00000   0.00001
   0.00000   0.09071   0.00004  -0.00000   0.00008
   0.00000   0.00004   0.20870  -0.00000   0.00002
   0.00000  -0.00000  -0.00000   0.09077  -0.00000
   0.00001   0.00008   0.00002  -0.00000   0.19803
   occupation matrix (subspace #          83 , spin            1 )
   0.10160  -0.00000  -0.00000   0.00000  -0.00000
  -0.00000   0.09021   0.00000   0.00000   0.00000
  -0.00000   0.00000   0.20922  -0.00000  -0.00011
   0.00000   0.00000  -0.00000   0.09140  -0.00000
  -0.00000   0.00000  -0.00011  -0.00000   0.19766
   occupation matrix (subspace #          84 , spin            1 )
   0.10180  -0.00004  -0.00000   0.00000   0.00000
  -0.00004   0.09055   0.00000   0.00000   0.00000
  -0.00000   0.00000   0.20890  -0.00007  -0.00008
   0.00000   0.00000  -0.00007   0.09079   0.00010
   0.00000   0.00000  -0.00008   0.00010   0.19800
   occupation matrix (subspace #          85 , spin            1 )
   0.10188  -0.00000  -0.00000  -0.00000  -0.00000
  -0.00000   0.09091  -0.00000   0.00000  -0.00000
  -0.00000  -0.00000   0.20880  -0.00000   0.00005
  -0.00000   0.00000  -0.00000   0.09050  -0.00000
  -0.00000  -0.00000   0.00005  -0.00000   0.19803
   occupation matrix (subspace #          86 , spin            1 )
   0.10186   0.00000  -0.00000  -0.00000   0.00000
   0.00000   0.09074  -0.00000   0.00000   0.00000
  -0.00000  -0.00000   0.20878  -0.00005   0.00005
  -0.00000   0.00000  -0.00005   0.09073   0.00008
   0.00000   0.00000   0.00005   0.00008   0.19799
   occupation matrix (subspace #          87 , spin            1 )
   0.10189   0.00000  -0.00000   0.00000   0.00000
   0.00000   0.09071  -0.00001   0.00000  -0.00000
  -0.00000  -0.00001   0.20869   0.00000  -0.00000
   0.00000   0.00000   0.00000   0.09076  -0.00000
   0.00000  -0.00000  -0.00000  -0.00000   0.19805
   occupation matrix (subspace #          88 , spin            1 )
   0.10188  -0.00000   0.00000   0.00001   0.00000
  -0.00000   0.09073   0.00002  -0.00000   0.00003
   0.00000   0.00002   0.20871   0.00000  -0.00000
   0.00001  -0.00000   0.00000   0.09074   0.00001
   0.00000   0.00003  -0.00000   0.00001   0.19804
   occupation matrix (subspace #          89 , spin            1 )
   0.10274  -0.00000   0.00000  -0.00000  -0.00000
  -0.00000   0.09224  -0.00000  -0.00000  -0.00000
   0.00000  -0.00000   0.20823  -0.00000   0.00006
  -0.00000  -0.00000  -0.00000   0.08958   0.00000
  -0.00000  -0.00000   0.00006   0.00000   0.19722
   occupation matrix (subspace #          90 , spin            1 )
   0.11098  -0.00376   0.00000  -0.00000  -0.00000
  -0.00376   0.08414  -0.00000   0.00000  -0.00000
   0.00000  -0.00000   0.20750   0.00237  -0.00265
  -0.00000   0.00000   0.00237   0.09232  -0.00297
  -0.00000  -0.00000  -0.00265  -0.00297   0.20001
   occupation matrix (subspace #          91 , spin            1 )
   0.10168   0.00000   0.00000  -0.00004  -0.00000
   0.00000   0.09082  -0.00024  -0.00000   0.00013
   0.00000  -0.00024   0.20915   0.00000   0.00025
  -0.00004  -0.00000   0.00000   0.09047  -0.00000
  -0.00000   0.00013   0.00025  -0.00000   0.19769
   occupation matrix (subspace #          92 , spin            1 )
   0.10185   0.00015  -0.00014   0.00006   0.00012
   0.00015   0.08933   0.00074  -0.00007   0.00164
  -0.00014   0.00074   0.20912  -0.00066  -0.00035
   0.00006  -0.00007  -0.00066   0.09269  -0.00004
   0.00012   0.00164  -0.00035  -0.00004   0.19772
   occupation matrix (subspace #          93 , spin            1 )
   0.10189   0.00000  -0.00000   0.00000   0.00000
   0.00000   0.09073   0.00000   0.00000  -0.00000
  -0.00000   0.00000   0.20869   0.00000  -0.00000
   0.00000   0.00000   0.00000   0.09074  -0.00000
   0.00000  -0.00000  -0.00000  -0.00000   0.19805
   occupation matrix (subspace #          94 , spin            1 )
   0.10188   0.00001   0.00000  -0.00000  -0.00000
   0.00001   0.09071  -0.00000   0.00000  -0.00000
   0.00000  -0.00000   0.20868   0.00000   0.00003
  -0.00000   0.00000   0.00000   0.09075  -0.00001
  -0.00000  -0.00000   0.00003  -0.00001   0.19806
   occupation matrix (subspace #          95 , spin            1 )
   0.10184  -0.00000   0.00000   0.00004  -0.00000
  -0.00000   0.09085   0.00036  -0.00000   0.00055
   0.00000   0.00036   0.20859  -0.00000   0.00019
   0.00004  -0.00000  -0.00000   0.09058  -0.00000
  -0.00000   0.00055   0.00019  -0.00000   0.19821
   occupation matrix (subspace #          96 , spin            1 )
   0.10188  -0.00002  -0.00000  -0.00003   0.00001
  -0.00002   0.09085  -0.00011   0.00000  -0.00001
  -0.00000  -0.00011   0.20873  -0.00002   0.00004
  -0.00003   0.00000  -0.00002   0.09061   0.00002
   0.00001  -0.00001   0.00004   0.00002   0.19801
   occupation matrix (subspace #          97 , spin            1 )
   0.10180  -0.00000  -0.00000  -0.00004  -0.00000
  -0.00000   0.09079  -0.00007   0.00000  -0.00010
  -0.00000  -0.00007   0.20890  -0.00000   0.00008
  -0.00004   0.00000  -0.00000   0.09055   0.00000
  -0.00000  -0.00010   0.00008   0.00000   0.19800
   occupation matrix (subspace #          98 , spin            1 )
   0.10189  -0.00000  -0.00000   0.00000   0.00001
  -0.00000   0.09077  -0.00000   0.00000   0.00000
  -0.00000  -0.00000   0.20870  -0.00004  -0.00002
   0.00000   0.00000  -0.00004   0.09071   0.00008
   0.00001   0.00000  -0.00002   0.00008   0.19803
   occupation matrix (subspace #          99 , spin            1 )
   0.10189  -0.00000  -0.00000  -0.00000   0.00000
  -0.00000   0.09071   0.00001   0.00000   0.00000
  -0.00000   0.00001   0.20869  -0.00000  -0.00000
  -0.00000   0.00000  -0.00000   0.09076  -0.00000
   0.00000   0.00000  -0.00000  -0.00000   0.19805
   occupation matrix (subspace #         100 , spin            1 )
   0.10188  -0.00000  -0.00000  -0.00001  -0.00000
  -0.00000   0.09073  -0.00002   0.00000  -0.00003
  -0.00000  -0.00002   0.20871   0.00000  -0.00000
  -0.00001   0.00000   0.00000   0.09074   0.00001
  -0.00000  -0.00003  -0.00000   0.00001   0.19804
   occupation matrix (subspace #         101 , spin            1 )
   0.10197  -0.00000  -0.00000  -0.00005  -0.00000
  -0.00000   0.09023  -0.00065  -0.00000  -0.00019
  -0.00000  -0.00065   0.20835  -0.00000  -0.00013
  -0.00005  -0.00000  -0.00000   0.09122   0.00000
  -0.00000  -0.00019  -0.00013   0.00000   0.19827
   occupation matrix (subspace #         102 , spin            1 )
   0.10466  -0.00082   0.00012  -0.00082   0.00000
  -0.00082   0.09117  -0.00065   0.00011  -0.00011
   0.00012  -0.00065   0.20588  -0.00065   0.00000
  -0.00082   0.00011  -0.00065   0.09117   0.00011
   0.00000  -0.00011   0.00000   0.00011   0.19834
   occupation matrix (subspace #         103 , spin            1 )
   0.10168   0.00000  -0.00000   0.00004   0.00000
   0.00000   0.09082   0.00024   0.00000  -0.00013
  -0.00000   0.00024   0.20915   0.00000   0.00025
   0.00004   0.00000   0.00000   0.09047  -0.00000
   0.00000  -0.00013   0.00025  -0.00000   0.19769
   occupation matrix (subspace #         104 , spin            1 )
   0.10185   0.00015   0.00014  -0.00006  -0.00012
   0.00015   0.08933  -0.00074   0.00007  -0.00164
   0.00014  -0.00074   0.20912  -0.00066  -0.00035
  -0.00006   0.00007  -0.00066   0.09269  -0.00004
  -0.00012  -0.00164  -0.00035  -0.00004   0.19772
   occupation matrix (subspace #         105 , spin            1 )
   0.10189  -0.00000   0.00000  -0.00000  -0.00000
  -0.00000   0.09074   0.00001  -0.00000  -0.00001
   0.00000   0.00001   0.20868  -0.00000  -0.00001
  -0.00000  -0.00000  -0.00000   0.09074   0.00000
  -0.00000  -0.00001  -0.00001   0.00000   0.19805
   occupation matrix (subspace #         106 , spin            1 )
   0.10189   0.00000  -0.00000  -0.00000  -0.00001
   0.00000   0.09072  -0.00004   0.00000  -0.00008
  -0.00000  -0.00004   0.20870  -0.00000   0.00002
  -0.00000   0.00000  -0.00000   0.09077  -0.00000
  -0.00001  -0.00008   0.00002  -0.00000   0.19803
   occupation matrix (subspace #         107 , spin            1 )
   0.10184  -0.00000   0.00000  -0.00004   0.00000
  -0.00000   0.09085  -0.00036  -0.00000  -0.00055
   0.00000  -0.00036   0.20859  -0.00000   0.00019
  -0.00004  -0.00000  -0.00000   0.09058  -0.00000
   0.00000  -0.00055   0.00019  -0.00000   0.19821
   occupation matrix (subspace #         108 , spin            1 )
   0.10188  -0.00002   0.00000   0.00003  -0.00001
  -0.00002   0.09085   0.00011  -0.00000   0.00001
   0.00000   0.00011   0.20873  -0.00002   0.00004
   0.00003  -0.00000  -0.00002   0.09061   0.00002
  -0.00001   0.00001   0.00004   0.00002   0.19801
