   occupation matrix (subspace #           1 , spin            1 )
   0.10179  -0.00004  -0.00001  -0.00001  -0.00009
  -0.00004   0.09057  -0.00014   0.00000  -0.00020
  -0.00001  -0.00014   0.20897   0.00002  -0.00001
  -0.00001   0.00000   0.00002   0.09084   0.00002
  -0.00009  -0.00020  -0.00001   0.00002   0.19789
   occupation matrix (subspace #           2 , spin            1 )
   0.10182   0.00000  -0.00000   0.00000   0.00004
   0.00000   0.09077   0.00007   0.00000   0.00001
  -0.00000   0.00007   0.20887   0.00004  -0.00003
   0.00000   0.00000   0.00004   0.09070  -0.00006
   0.00004   0.00001  -0.00003  -0.00006   0.19794
   occupation matrix (subspace #           3 , spin            1 )
   0.10185  -0.00000   0.00000  -0.00000   0.00000
  -0.00000   0.09072   0.00000  -0.00000  -0.00000
   0.00000   0.00000   0.20884  -0.00001  -0.00000
  -0.00000  -0.00000  -0.00001   0.09073   0.00000
   0.00000  -0.00000  -0.00000   0.00000   0.19797
   occupation matrix (subspace #           4 , spin            1 )
   0.10185  -0.00000  -0.00000  -0.00000  -0.00000
  -0.00000   0.09073  -0.00000  -0.00000  -0.00000
  -0.00000  -0.00000   0.20883  -0.00003   0.00001
  -0.00000  -0.00000  -0.00003   0.09073   0.00000
  -0.00000  -0.00000   0.00001   0.00000   0.19797
   occupation matrix (subspace #           5 , spin            1 )
   0.10182   0.00001   0.00024   0.00011   0.00005
   0.00001   0.09256   0.00073   0.00003  -0.00030
   0.00024   0.00073   0.20907   0.00057   0.00035
   0.00011   0.00003   0.00057   0.08958  -0.00164
   0.00005  -0.00030   0.00035  -0.00164   0.19766
   occupation matrix (subspace #           6 , spin            1 )
   0.10417   0.00100   0.00033   0.00100   0.00000
   0.00100   0.09130   0.00072   0.00017   0.00000
   0.00033   0.00072   0.20544   0.00072   0.00000
   0.00100   0.00017   0.00072   0.09130  -0.00000
   0.00000   0.00000   0.00000  -0.00000   0.19886
   occupation matrix (subspace #           7 , spin            1 )
   0.10150  -0.00022  -0.00000   0.00000  -0.00000
  -0.00022   0.09109   0.00000   0.00000   0.00000
  -0.00000   0.00000   0.20952  -0.00048   0.00009
   0.00000   0.00000  -0.00048   0.09053   0.00072
  -0.00000   0.00000   0.00009   0.00072   0.19759
   occupation matrix (subspace #           8 , spin            1 )
   0.10236   0.00018   0.00000   0.00000   0.00000
   0.00018   0.09060   0.00000  -0.00000  -0.00000
   0.00000   0.00000   0.20744   0.00019  -0.00005
   0.00000  -0.00000   0.00019   0.09134   0.00033
   0.00000  -0.00000  -0.00005   0.00033   0.19840
   occupation matrix (subspace #           9 , spin            1 )
   0.10184   0.00001  -0.00000   0.00000  -0.00000
   0.00001   0.09073   0.00000   0.00000   0.00000
  -0.00000   0.00000   0.20884   0.00001  -0.00001
   0.00000   0.00000   0.00001   0.09073  -0.00001
  -0.00000   0.00000  -0.00001  -0.00001   0.19797
   occupation matrix (subspace #          10 , spin            1 )
   0.10182   0.00000  -0.00000   0.00000  -0.00004
   0.00000   0.09070   0.00004   0.00000   0.00006
  -0.00000   0.00004   0.20887   0.00007   0.00003
   0.00000   0.00000   0.00007   0.09076  -0.00001
  -0.00004   0.00006   0.00003  -0.00001   0.19794
   occupation matrix (subspace #          11 , spin            1 )
   0.10186  -0.00006   0.00000  -0.00000  -0.00000
  -0.00006   0.09068  -0.00000   0.00000   0.00000
   0.00000  -0.00000   0.20871  -0.00036   0.00002
  -0.00000   0.00000  -0.00036   0.09059  -0.00010
  -0.00000   0.00000   0.00002  -0.00010   0.19806
   occupation matrix (subspace #          12 , spin            1 )
   0.10178   0.00001  -0.00000  -0.00000   0.00000
   0.00001   0.09077  -0.00000   0.00000  -0.00000
  -0.00000  -0.00000   0.20899  -0.00010   0.00004
  -0.00000   0.00000  -0.00010   0.09066   0.00018
   0.00000  -0.00000   0.00004   0.00018   0.19789
   occupation matrix (subspace #          13 , spin            1 )
   0.10205  -0.00001   0.00000   0.00000   0.00000
  -0.00001   0.09115   0.00000  -0.00000   0.00000
   0.00000   0.00000   0.20844   0.00007   0.00005
   0.00000  -0.00000   0.00007   0.09030   0.00003
   0.00000   0.00000   0.00005   0.00003   0.19822
   occupation matrix (subspace #          14 , spin            1 )
   0.10184  -0.00002   0.00000  -0.00000  -0.00000
  -0.00002   0.09084   0.00000  -0.00000   0.00000
   0.00000   0.00000   0.20885  -0.00000   0.00006
  -0.00000  -0.00000  -0.00000   0.09066   0.00000
  -0.00000   0.00000   0.00006   0.00000   0.19793
   occupation matrix (subspace #          15 , spin            1 )
   0.10184  -0.00000  -0.00000  -0.00000  -0.00000
  -0.00000   0.09073  -0.00000   0.00000  -0.00000
  -0.00000  -0.00000   0.20884  -0.00000   0.00000
  -0.00000   0.00000  -0.00000   0.09073   0.00000
  -0.00000  -0.00000   0.00000   0.00000   0.19797
   occupation matrix (subspace #          16 , spin            1 )
   0.10184   0.00000  -0.00000   0.00001   0.00000
   0.00000   0.09073   0.00001   0.00000   0.00001
  -0.00000   0.00001   0.20884   0.00000   0.00001
   0.00001   0.00000   0.00000   0.09072  -0.00000
   0.00000   0.00001   0.00001  -0.00000   0.19797
   occupation matrix (subspace #          17 , spin            1 )
   0.10533   0.00118  -0.00000  -0.00000   0.00000
   0.00118   0.09086  -0.00000  -0.00000  -0.00000
  -0.00000  -0.00000   0.20699   0.00057   0.00170
  -0.00000  -0.00000   0.00057   0.09441  -0.00137
   0.00000  -0.00000   0.00170  -0.00137   0.19680
   occupation matrix (subspace #          18 , spin            1 )
   0.10539   0.00193   0.00000   0.00000  -0.00000
   0.00193   0.07923   0.00000   0.00000   0.00000
   0.00000   0.00000   0.20095   0.00515  -0.00395
   0.00000   0.00000   0.00515   0.11432  -0.00753
  -0.00000   0.00000  -0.00395  -0.00753   0.20223
   occupation matrix (subspace #          19 , spin            1 )
   0.10163  -0.00025   0.00001   0.00002   0.00001
  -0.00025   0.09125  -0.00056  -0.00006   0.00034
   0.00001  -0.00056   0.20891  -0.00022  -0.00008
   0.00002  -0.00006  -0.00022   0.09060   0.00047
   0.00001   0.00034  -0.00008   0.00047   0.19789
   occupation matrix (subspace #          20 , spin            1 )
   0.10182   0.00011   0.00024   0.00001  -0.00006
   0.00011   0.08958   0.00057   0.00003   0.00164
   0.00024   0.00057   0.20907   0.00073  -0.00035
   0.00001   0.00003   0.00073   0.09256   0.00030
  -0.00006   0.00164  -0.00035   0.00030   0.19766
   occupation matrix (subspace #          21 , spin            1 )
   0.10184   0.00000  -0.00000  -0.00000   0.00000
   0.00000   0.09074   0.00000   0.00000  -0.00000
  -0.00000   0.00000   0.20883   0.00001   0.00002
  -0.00000   0.00000   0.00001   0.09073  -0.00000
   0.00000  -0.00000   0.00002  -0.00000   0.19796
   occupation matrix (subspace #          22 , spin            1 )
   0.10188  -0.00002  -0.00000  -0.00000  -0.00000
  -0.00002   0.09082  -0.00000   0.00000  -0.00000
  -0.00000  -0.00000   0.20877   0.00000   0.00005
  -0.00000   0.00000   0.00000   0.09061   0.00000
  -0.00000  -0.00000   0.00005   0.00000   0.19803
   occupation matrix (subspace #          23 , spin            1 )
   0.10163   0.00002   0.00001  -0.00025  -0.00001
   0.00002   0.09060  -0.00022  -0.00006  -0.00047
   0.00001  -0.00022   0.20891  -0.00056   0.00008
  -0.00025  -0.00006  -0.00056   0.09125  -0.00034
  -0.00001  -0.00047   0.00008  -0.00034   0.19789
   occupation matrix (subspace #          24 , spin            1 )
   0.10179  -0.00001  -0.00001  -0.00004   0.00009
  -0.00001   0.09084   0.00002   0.00000  -0.00002
  -0.00001   0.00002   0.20897  -0.00014   0.00001
  -0.00004   0.00000  -0.00014   0.09057   0.00020
   0.00009  -0.00002   0.00001   0.00020   0.19789
   occupation matrix (subspace #          25 , spin            1 )
   0.10179  -0.00004   0.00001   0.00001   0.00009
  -0.00004   0.09057   0.00014  -0.00000   0.00020
   0.00001   0.00014   0.20897   0.00002  -0.00001
   0.00001  -0.00000   0.00002   0.09084   0.00002
   0.00009   0.00020  -0.00001   0.00002   0.19789
   occupation matrix (subspace #          26 , spin            1 )
   0.10182   0.00000   0.00000  -0.00000  -0.00004
   0.00000   0.09077  -0.00007  -0.00000  -0.00001
   0.00000  -0.00007   0.20887   0.00004  -0.00003
  -0.00000  -0.00000   0.00004   0.09070  -0.00006
  -0.00004  -0.00001  -0.00003  -0.00006   0.19794
   occupation matrix (subspace #          27 , spin            1 )
   0.10184  -0.00000   0.00000   0.00000   0.00000
  -0.00000   0.09073   0.00000  -0.00000   0.00000
   0.00000   0.00000   0.20884  -0.00000   0.00000
   0.00000  -0.00000  -0.00000   0.09073   0.00000
   0.00000   0.00000   0.00000   0.00000   0.19797
   occupation matrix (subspace #          28 , spin            1 )
   0.10184   0.00000   0.00000  -0.00001  -0.00000
   0.00000   0.09073  -0.00001  -0.00000  -0.00001
   0.00000  -0.00001   0.20884   0.00000   0.00001
  -0.00001  -0.00000   0.00000   0.09072  -0.00000
  -0.00000  -0.00001   0.00001  -0.00000   0.19797
   occupation matrix (subspace #          29 , spin            1 )
   0.10182   0.00001  -0.00024  -0.00011  -0.00005
   0.00001   0.09256  -0.00073  -0.00003   0.00030
  -0.00024  -0.00073   0.20907   0.00057   0.00035
  -0.00011  -0.00003   0.00057   0.08958  -0.00164
  -0.00005   0.00030   0.00035  -0.00164   0.19766
   occupation matrix (subspace #          30 , spin            1 )
   0.10417   0.00100  -0.00033  -0.00100  -0.00000
   0.00100   0.09130  -0.00072  -0.00017  -0.00000
  -0.00033  -0.00072   0.20544   0.00072   0.00000
  -0.00100  -0.00017   0.00072   0.09130  -0.00000
  -0.00000  -0.00000   0.00000  -0.00000   0.19886
   occupation matrix (subspace #          31 , spin            1 )
   0.10163  -0.00025  -0.00001  -0.00002  -0.00001
  -0.00025   0.09125   0.00056   0.00006  -0.00034
  -0.00001   0.00056   0.20891  -0.00022  -0.00008
  -0.00002   0.00006  -0.00022   0.09060   0.00047
  -0.00001  -0.00034  -0.00008   0.00047   0.19789
   occupation matrix (subspace #          32 , spin            1 )
   0.10182   0.00011  -0.00024  -0.00001   0.00006
   0.00011   0.08958  -0.00057  -0.00003  -0.00164
  -0.00024  -0.00057   0.20907   0.00073  -0.00035
  -0.00001  -0.00003   0.00073   0.09256   0.00030
   0.00006  -0.00164  -0.00035   0.00030   0.19766
   occupation matrix (subspace #          33 , spin            1 )
   0.10184   0.00001   0.00000  -0.00000   0.00000
   0.00001   0.09073  -0.00000  -0.00000  -0.00000
   0.00000  -0.00000   0.20884   0.00001  -0.00001
  -0.00000  -0.00000   0.00001   0.09073  -0.00001
   0.00000  -0.00000  -0.00001  -0.00001   0.19797
   occupation matrix (subspace #          34 , spin            1 )
   0.10182   0.00000   0.00000  -0.00000   0.00004
   0.00000   0.09070  -0.00004  -0.00000  -0.00006
   0.00000  -0.00004   0.20887   0.00007   0.00003
  -0.00000  -0.00000   0.00007   0.09076  -0.00001
   0.00004  -0.00006   0.00003  -0.00001   0.19794
   occupation matrix (subspace #          35 , spin            1 )
   0.10163   0.00002  -0.00001   0.00025   0.00001
   0.00002   0.09060   0.00022   0.00006   0.00047
  -0.00001   0.00022   0.20891  -0.00056   0.00008
   0.00025   0.00006  -0.00056   0.09125  -0.00034
   0.00001   0.00047   0.00008  -0.00034   0.19789
   occupation matrix (subspace #          36 , spin            1 )
   0.10179  -0.00001   0.00001   0.00004  -0.00009
  -0.00001   0.09084  -0.00002  -0.00000   0.00002
   0.00001  -0.00002   0.20897  -0.00014   0.00001
   0.00004  -0.00000  -0.00014   0.09057   0.00020
  -0.00009   0.00002   0.00001   0.00020   0.19789
   occupation matrix (subspace #          37 , spin            1 )
   0.10179   0.00004   0.00001  -0.00001   0.00009
   0.00004   0.09057  -0.00014  -0.00000  -0.00020
   0.00001  -0.00014   0.20897  -0.00002  -0.00001
  -0.00001  -0.00000  -0.00002   0.09084  -0.00002
   0.00009  -0.00020  -0.00001  -0.00002   0.19789
   occupation matrix (subspace #          38 , spin            1 )
   0.10188   0.00000   0.00000  -0.00002   0.00000
   0.00000   0.09061   0.00000  -0.00000  -0.00000
   0.00000   0.00000   0.20877  -0.00000  -0.00005
  -0.00002  -0.00000  -0.00000   0.09081   0.00000
   0.00000  -0.00000  -0.00005   0.00000   0.19803
   occupation matrix (subspace #          39 , spin            1 )
   0.10185   0.00000   0.00000   0.00000   0.00000
   0.00000   0.09072   0.00000  -0.00000   0.00000
   0.00000   0.00000   0.20884   0.00001  -0.00000
   0.00000  -0.00000   0.00001   0.09073  -0.00000
   0.00000   0.00000  -0.00000  -0.00000   0.19797
   occupation matrix (subspace #          40 , spin            1 )
   0.10186   0.00000   0.00000   0.00000   0.00000
   0.00000   0.09073  -0.00000   0.00000   0.00000
   0.00000  -0.00000   0.20882  -0.00000  -0.00002
   0.00000   0.00000  -0.00000   0.09073  -0.00000
   0.00000   0.00000  -0.00002  -0.00000   0.19797
   occupation matrix (subspace #          41 , spin            1 )
   0.10182  -0.00001  -0.00024   0.00011  -0.00005
  -0.00001   0.09256   0.00073  -0.00003  -0.00030
  -0.00024   0.00073   0.20907  -0.00057   0.00035
   0.00011  -0.00003  -0.00057   0.08958   0.00164
  -0.00005  -0.00030   0.00035   0.00164   0.19766
   occupation matrix (subspace #          42 , spin            1 )
   0.10539   0.00000   0.00000   0.00193   0.00000
   0.00000   0.11429   0.00514   0.00000   0.00751
   0.00000   0.00514   0.20096   0.00000   0.00394
   0.00193   0.00000   0.00000   0.07924   0.00000
   0.00000   0.00751   0.00394   0.00000   0.20223
   occupation matrix (subspace #          43 , spin            1 )
   0.10150   0.00022  -0.00000   0.00000   0.00000
   0.00022   0.09109   0.00000   0.00000   0.00000
  -0.00000   0.00000   0.20952   0.00048   0.00009
   0.00000   0.00000   0.00048   0.09053  -0.00072
   0.00000   0.00000   0.00009  -0.00072   0.19759
   occupation matrix (subspace #          44 , spin            1 )
   0.10334   0.00000  -0.00000   0.00000  -0.00000
   0.00000   0.09445   0.00000  -0.00000   0.00000
  -0.00000   0.00000   0.20599   0.00000   0.00057
   0.00000  -0.00000   0.00000   0.08582  -0.00000
  -0.00000   0.00000   0.00057  -0.00000   0.20016
   occupation matrix (subspace #          45 , spin            1 )
   0.10184  -0.00001   0.00000   0.00000   0.00000
  -0.00001   0.09073   0.00000  -0.00000   0.00000
   0.00000   0.00000   0.20884  -0.00001  -0.00001
   0.00000  -0.00000  -0.00001   0.09073   0.00001
   0.00000   0.00000  -0.00001   0.00001   0.19797
   occupation matrix (subspace #          46 , spin            1 )
   0.10184  -0.00000   0.00000  -0.00002  -0.00000
  -0.00000   0.09066  -0.00000  -0.00000  -0.00000
   0.00000  -0.00000   0.20885  -0.00000  -0.00006
  -0.00002  -0.00000  -0.00000   0.09083   0.00000
  -0.00000  -0.00000  -0.00006   0.00000   0.19793
   occupation matrix (subspace #          47 , spin            1 )
   0.10186   0.00006  -0.00000  -0.00000   0.00000
   0.00006   0.09068  -0.00000  -0.00000   0.00000
  -0.00000  -0.00000   0.20871   0.00036   0.00002
  -0.00000  -0.00000   0.00036   0.09059   0.00010
   0.00000   0.00000   0.00002   0.00010   0.19806
   occupation matrix (subspace #          48 , spin            1 )
   0.10197  -0.00000   0.00000   0.00000  -0.00000
  -0.00000   0.09060   0.00000  -0.00000   0.00000
   0.00000   0.00000   0.20862  -0.00000  -0.00011
   0.00000  -0.00000  -0.00000   0.09087   0.00000
  -0.00000   0.00000  -0.00011   0.00000   0.19810
   occupation matrix (subspace #          49 , spin            1 )
   0.10205   0.00001   0.00000   0.00000  -0.00000
   0.00001   0.09115   0.00000   0.00000   0.00000
   0.00000   0.00000   0.20844  -0.00007   0.00005
   0.00000   0.00000  -0.00007   0.09030  -0.00003
  -0.00000   0.00000   0.00005  -0.00003   0.19822
   occupation matrix (subspace #          50 , spin            1 )
   0.10188  -0.00000  -0.00000  -0.00000   0.00000
  -0.00000   0.09076  -0.00000   0.00000   0.00000
  -0.00000  -0.00000   0.20879   0.00000   0.00005
  -0.00000   0.00000   0.00000   0.09074  -0.00000
   0.00000   0.00000   0.00005  -0.00000   0.19799
   occupation matrix (subspace #          51 , spin            1 )
   0.10184   0.00000   0.00000  -0.00000   0.00000
   0.00000   0.09073  -0.00000  -0.00000  -0.00000
   0.00000  -0.00000   0.20884   0.00000   0.00000
  -0.00000  -0.00000   0.00000   0.09073  -0.00000
   0.00000  -0.00000   0.00000  -0.00000   0.19797
   occupation matrix (subspace #          52 , spin            1 )
   0.10184   0.00000  -0.00000   0.00000  -0.00000
   0.00000   0.09073   0.00001  -0.00000   0.00000
  -0.00000   0.00001   0.20883  -0.00000  -0.00002
   0.00000  -0.00000  -0.00000   0.09074  -0.00000
  -0.00000   0.00000  -0.00002  -0.00000   0.19796
   occupation matrix (subspace #          53 , spin            1 )
   0.10533  -0.00118   0.00000  -0.00000  -0.00000
  -0.00118   0.09086  -0.00000   0.00000  -0.00000
   0.00000  -0.00000   0.20699  -0.00057   0.00170
  -0.00000   0.00000  -0.00057   0.09441   0.00137
  -0.00000  -0.00000   0.00170   0.00137   0.19680
   occupation matrix (subspace #          54 , spin            1 )
   1.97462  -0.00000   0.00000  -0.00000   0.00000
  -0.00000   1.99282   0.00000   0.00000   0.00000
   0.00000   0.00000   1.00892   0.00000  -0.00020
  -0.00000   0.00000   0.00000   1.99282  -0.00000
   0.00000   0.00000  -0.00020  -0.00000   1.46558
   occupation matrix (subspace #          55 , spin            1 )
   0.10163   0.00025  -0.00001   0.00002  -0.00001
   0.00025   0.09125  -0.00056   0.00006   0.00034
  -0.00001  -0.00056   0.20891   0.00022  -0.00008
   0.00002   0.00006   0.00022   0.09060  -0.00047
  -0.00001   0.00034  -0.00008  -0.00047   0.19789
   occupation matrix (subspace #          56 , spin            1 )
   0.10533   0.00000   0.00000   0.00118   0.00000
   0.00000   0.09441   0.00058   0.00000   0.00138
   0.00000   0.00058   0.20699   0.00000  -0.00170
   0.00118   0.00000   0.00000   0.09086   0.00000
   0.00000   0.00138  -0.00170   0.00000   0.19679
   occupation matrix (subspace #          57 , spin            1 )
   0.10184  -0.00000  -0.00000   0.00000   0.00000
  -0.00000   0.09074   0.00000  -0.00000  -0.00000
  -0.00000   0.00000   0.20883  -0.00001   0.00002
   0.00000  -0.00000  -0.00001   0.09073   0.00000
   0.00000  -0.00000   0.00002   0.00000   0.19796
   occupation matrix (subspace #          58 , spin            1 )
   0.10188   0.00000  -0.00000  -0.00000  -0.00000
   0.00000   0.09074  -0.00000  -0.00000  -0.00000
  -0.00000  -0.00000   0.20879   0.00000  -0.00005
  -0.00000  -0.00000   0.00000   0.09076  -0.00000
  -0.00000  -0.00000  -0.00005  -0.00000   0.19799
   occupation matrix (subspace #          59 , spin            1 )
   0.10163  -0.00002  -0.00001  -0.00025   0.00001
  -0.00002   0.09060  -0.00022   0.00006  -0.00047
  -0.00001  -0.00022   0.20891   0.00056   0.00008
  -0.00025   0.00006   0.00056   0.09125   0.00034
   0.00001  -0.00047   0.00008   0.00034   0.19789
   occupation matrix (subspace #          60 , spin            1 )
   0.10205   0.00000  -0.00000  -0.00001   0.00000
   0.00000   0.09031   0.00007   0.00000  -0.00003
  -0.00000   0.00007   0.20844  -0.00000  -0.00005
  -0.00001   0.00000  -0.00000   0.09115   0.00000
   0.00000  -0.00003  -0.00005   0.00000   0.19822
   occupation matrix (subspace #          61 , spin            1 )
   0.10179   0.00004  -0.00001   0.00001  -0.00009
   0.00004   0.09057   0.00014   0.00000   0.00020
  -0.00001   0.00014   0.20897  -0.00002  -0.00001
   0.00001   0.00000  -0.00002   0.09084  -0.00002
  -0.00009   0.00020  -0.00001  -0.00002   0.19789
   occupation matrix (subspace #          62 , spin            1 )
   0.10188  -0.00000  -0.00000   0.00002  -0.00000
  -0.00000   0.09061  -0.00000  -0.00000   0.00000
  -0.00000  -0.00000   0.20877   0.00000  -0.00005
   0.00002  -0.00000   0.00000   0.09081  -0.00000
  -0.00000   0.00000  -0.00005  -0.00000   0.19803
   occupation matrix (subspace #          63 , spin            1 )
   0.10184   0.00000  -0.00000   0.00000  -0.00000
   0.00000   0.09073   0.00000   0.00000   0.00000
  -0.00000   0.00000   0.20884   0.00000   0.00000
   0.00000   0.00000   0.00000   0.09073  -0.00000
  -0.00000   0.00000   0.00000  -0.00000   0.19797
   occupation matrix (subspace #          64 , spin            1 )
   0.10184  -0.00000  -0.00000  -0.00000  -0.00000
  -0.00000   0.09073  -0.00001   0.00000  -0.00000
  -0.00000  -0.00001   0.20883  -0.00000  -0.00002
  -0.00000   0.00000  -0.00000   0.09074   0.00000
  -0.00000  -0.00000  -0.00002   0.00000   0.19796
   occupation matrix (subspace #          65 , spin            1 )
   0.10182  -0.00001   0.00024  -0.00011   0.00005
  -0.00001   0.09256  -0.00073   0.00003   0.00030
   0.00024  -0.00073   0.20907  -0.00057   0.00035
  -0.00011   0.00003  -0.00057   0.08958   0.00164
   0.00005   0.00030   0.00035   0.00164   0.19766
   occupation matrix (subspace #          66 , spin            1 )
   0.10539   0.00000  -0.00000  -0.00193  -0.00000
   0.00000   0.11429  -0.00514  -0.00000  -0.00751
  -0.00000  -0.00514   0.20096   0.00000   0.00394
  -0.00193  -0.00000   0.00000   0.07924   0.00000
  -0.00000  -0.00751   0.00394   0.00000   0.20223
   occupation matrix (subspace #          67 , spin            1 )
   0.10163   0.00025   0.00001  -0.00002   0.00001
   0.00025   0.09125   0.00056  -0.00006  -0.00034
   0.00001   0.00056   0.20891   0.00022  -0.00008
  -0.00002  -0.00006   0.00022   0.09060  -0.00047
   0.00001  -0.00034  -0.00008  -0.00047   0.19789
   occupation matrix (subspace #          68 , spin            1 )
   0.10533  -0.00000  -0.00000  -0.00118  -0.00000
  -0.00000   0.09441  -0.00058  -0.00000  -0.00138
  -0.00000  -0.00058   0.20699   0.00000  -0.00170
  -0.00118  -0.00000   0.00000   0.09086   0.00000
  -0.00000  -0.00138  -0.00170   0.00000   0.19679
   occupation matrix (subspace #          69 , spin            1 )
   0.10184  -0.00001  -0.00000  -0.00000  -0.00000
  -0.00001   0.09073  -0.00000   0.00000  -0.00000
  -0.00000  -0.00000   0.20884  -0.00001  -0.00001
  -0.00000   0.00000  -0.00001   0.09073   0.00001
  -0.00000  -0.00000  -0.00001   0.00001   0.19797
   occupation matrix (subspace #          70 , spin            1 )
   0.10184   0.00000   0.00000   0.00002   0.00000
   0.00000   0.09066   0.00000   0.00000   0.00000
   0.00000   0.00000   0.20885   0.00000  -0.00006
   0.00002   0.00000   0.00000   0.09083  -0.00000
   0.00000   0.00000  -0.00006  -0.00000   0.19793
   occupation matrix (subspace #          71 , spin            1 )
   0.10163  -0.00002   0.00001   0.00025  -0.00001
  -0.00002   0.09060   0.00022  -0.00006   0.00047
   0.00001   0.00022   0.20891   0.00056   0.00008
   0.00025  -0.00006   0.00056   0.09125   0.00034
  -0.00001   0.00047   0.00008   0.00034   0.19789
   occupation matrix (subspace #          72 , spin            1 )
   0.10205  -0.00000   0.00000   0.00001  -0.00000
  -0.00000   0.09031  -0.00007  -0.00000   0.00003
   0.00000  -0.00007   0.20844  -0.00000  -0.00005
   0.00001  -0.00000  -0.00000   0.09115   0.00000
  -0.00000   0.00003  -0.00005   0.00000   0.19822
   occupation matrix (subspace #          73 , spin            1 )
   0.10178   0.00000  -0.00000   0.00001   0.00000
   0.00000   0.09067  -0.00010   0.00000  -0.00018
  -0.00000  -0.00010   0.20899   0.00000  -0.00004
   0.00001   0.00000   0.00000   0.09077  -0.00000
   0.00000  -0.00018  -0.00004  -0.00000   0.19789
   occupation matrix (subspace #          74 , spin            1 )
   0.10182  -0.00000   0.00000   0.00000  -0.00004
  -0.00000   0.09077   0.00007  -0.00000   0.00001
   0.00000   0.00007   0.20887  -0.00004  -0.00003
   0.00000  -0.00000  -0.00004   0.09070   0.00006
  -0.00004   0.00001  -0.00003   0.00006   0.19794
   occupation matrix (subspace #          75 , spin            1 )
   0.10185   0.00000  -0.00000  -0.00000  -0.00000
   0.00000   0.09073  -0.00000   0.00000  -0.00000
  -0.00000  -0.00000   0.20883   0.00000   0.00000
  -0.00000   0.00000   0.00000   0.09073  -0.00000
  -0.00000  -0.00000   0.00000  -0.00000   0.19797
   occupation matrix (subspace #          76 , spin            1 )
   0.10185   0.00000  -0.00000   0.00000   0.00000
   0.00000   0.09073   0.00000  -0.00000   0.00000
  -0.00000   0.00000   0.20883   0.00003   0.00001
   0.00000  -0.00000   0.00003   0.09073  -0.00000
   0.00000   0.00000   0.00001  -0.00000   0.19797
   occupation matrix (subspace #          77 , spin            1 )
   0.10236  -0.00000   0.00000   0.00018   0.00000
  -0.00000   0.09134   0.00019   0.00000  -0.00033
   0.00000   0.00019   0.20744  -0.00000   0.00005
   0.00018   0.00000  -0.00000   0.09060  -0.00000
   0.00000  -0.00033   0.00005  -0.00000   0.19840
   occupation matrix (subspace #          78 , spin            1 )
   0.10417  -0.00100  -0.00033   0.00100  -0.00000
  -0.00100   0.09130   0.00072  -0.00017   0.00000
  -0.00033   0.00072   0.20544  -0.00072   0.00000
   0.00100  -0.00017  -0.00072   0.09130   0.00000
  -0.00000   0.00000   0.00000   0.00000   0.19886
   occupation matrix (subspace #          79 , spin            1 )
   0.10177   0.00000   0.00000  -0.00000  -0.00000
   0.00000   0.09018   0.00000  -0.00000  -0.00000
   0.00000   0.00000   0.20882   0.00000   0.00004
  -0.00000  -0.00000   0.00000   0.09099  -0.00000
  -0.00000  -0.00000   0.00004  -0.00000   0.19821
   occupation matrix (subspace #          80 , spin            1 )
   0.10236  -0.00018   0.00000  -0.00000   0.00000
  -0.00018   0.09060   0.00000  -0.00000  -0.00000
   0.00000   0.00000   0.20744  -0.00019  -0.00005
  -0.00000  -0.00000  -0.00019   0.09134  -0.00033
   0.00000  -0.00000  -0.00005  -0.00033   0.19840
   occupation matrix (subspace #          81 , spin            1 )
   0.10185  -0.00000   0.00000  -0.00000  -0.00000
  -0.00000   0.09073  -0.00003  -0.00000  -0.00000
   0.00000  -0.00003   0.20883  -0.00000  -0.00001
  -0.00000  -0.00000  -0.00000   0.09073  -0.00000
  -0.00000  -0.00000  -0.00001  -0.00000   0.19797
   occupation matrix (subspace #          82 , spin            1 )
   0.10182  -0.00000   0.00000   0.00000   0.00004
  -0.00000   0.09070   0.00004  -0.00000   0.00006
   0.00000   0.00004   0.20887  -0.00007   0.00003
   0.00000  -0.00000  -0.00007   0.09076   0.00001
   0.00004   0.00006   0.00003   0.00001   0.19794
   occupation matrix (subspace #          83 , spin            1 )
   0.10177  -0.00000  -0.00000  -0.00000  -0.00000
  -0.00000   0.09099  -0.00000   0.00000  -0.00000
  -0.00000  -0.00000   0.20882  -0.00000  -0.00004
  -0.00000   0.00000  -0.00000   0.09018  -0.00000
  -0.00000  -0.00000  -0.00004  -0.00000   0.19821
   occupation matrix (subspace #          84 , spin            1 )
   0.10178  -0.00001   0.00000  -0.00000  -0.00000
  -0.00001   0.09077  -0.00000  -0.00000  -0.00000
   0.00000  -0.00000   0.20899   0.00010   0.00004
  -0.00000  -0.00000   0.00010   0.09066  -0.00018
  -0.00000  -0.00000   0.00004  -0.00018   0.19789
   occupation matrix (subspace #          85 , spin            1 )
   0.10197  -0.00000  -0.00000   0.00000  -0.00000
  -0.00000   0.09087   0.00000  -0.00000   0.00000
  -0.00000   0.00000   0.20862  -0.00000   0.00011
   0.00000  -0.00000  -0.00000   0.09060   0.00000
  -0.00000   0.00000   0.00011   0.00000   0.19810
   occupation matrix (subspace #          86 , spin            1 )
   0.10184   0.00002   0.00000   0.00000  -0.00000
   0.00002   0.09084  -0.00000  -0.00000  -0.00000
   0.00000  -0.00000   0.20885   0.00000   0.00006
   0.00000  -0.00000   0.00000   0.09066  -0.00000
  -0.00000  -0.00000   0.00006  -0.00000   0.19793
   occupation matrix (subspace #          87 , spin            1 )
   0.10185   0.00000   0.00000  -0.00000   0.00000
   0.00000   0.09074  -0.00001  -0.00000  -0.00000
   0.00000  -0.00001   0.20884   0.00000   0.00000
  -0.00000  -0.00000   0.00000   0.09072  -0.00000
   0.00000  -0.00000   0.00000  -0.00000   0.19797
   occupation matrix (subspace #          88 , spin            1 )
   0.10184  -0.00000   0.00000   0.00001  -0.00000
  -0.00000   0.09073   0.00001  -0.00000   0.00001
   0.00000   0.00001   0.20884  -0.00000   0.00001
   0.00001  -0.00000  -0.00000   0.09072   0.00000
  -0.00000   0.00001   0.00001   0.00000   0.19797
   occupation matrix (subspace #          89 , spin            1 )
   0.10334   0.00000  -0.00000  -0.00000  -0.00000
   0.00000   0.08583  -0.00000   0.00000   0.00000
  -0.00000  -0.00000   0.20599  -0.00000  -0.00057
  -0.00000   0.00000  -0.00000   0.09445   0.00000
  -0.00000   0.00000  -0.00057   0.00000   0.20016
   occupation matrix (subspace #          90 , spin            1 )
   0.10539  -0.00193  -0.00000  -0.00000   0.00000
  -0.00193   0.07923  -0.00000   0.00000   0.00000
  -0.00000  -0.00000   0.20095  -0.00515  -0.00395
  -0.00000   0.00000  -0.00515   0.11432   0.00753
   0.00000   0.00000  -0.00395   0.00753   0.20223
   occupation matrix (subspace #          91 , spin            1 )
   0.10186   0.00000  -0.00000  -0.00006   0.00000
   0.00000   0.09060  -0.00036   0.00000   0.00010
  -0.00000  -0.00036   0.20871   0.00000  -0.00002
  -0.00006   0.00000   0.00000   0.09068  -0.00000
   0.00000   0.00010  -0.00002  -0.00000   0.19806
   occupation matrix (subspace #          92 , spin            1 )
   0.10182  -0.00011  -0.00024   0.00001   0.00006
  -0.00011   0.08958   0.00057  -0.00003   0.00164
  -0.00024   0.00057   0.20907  -0.00073  -0.00035
   0.00001  -0.00003  -0.00073   0.09256  -0.00030
   0.00006   0.00164  -0.00035  -0.00030   0.19766
   occupation matrix (subspace #          93 , spin            1 )
   0.10186   0.00000   0.00000  -0.00000  -0.00000
   0.00000   0.09073   0.00000  -0.00000  -0.00000
   0.00000   0.00000   0.20882   0.00000   0.00002
  -0.00000  -0.00000   0.00000   0.09073  -0.00000
  -0.00000  -0.00000   0.00002  -0.00000   0.19797
   occupation matrix (subspace #          94 , spin            1 )
   0.10188   0.00002   0.00000  -0.00000   0.00000
   0.00002   0.09082  -0.00000  -0.00000  -0.00000
   0.00000  -0.00000   0.20877  -0.00000   0.00005
  -0.00000  -0.00000  -0.00000   0.09061  -0.00000
   0.00000  -0.00000   0.00005  -0.00000   0.19803
   occupation matrix (subspace #          95 , spin            1 )
   0.10150  -0.00000   0.00000  -0.00021   0.00000
  -0.00000   0.09054  -0.00048  -0.00000  -0.00072
   0.00000  -0.00048   0.20952  -0.00000  -0.00009
  -0.00021  -0.00000  -0.00000   0.09109  -0.00000
   0.00000  -0.00072  -0.00009  -0.00000   0.19759
   occupation matrix (subspace #          96 , spin            1 )
   0.10179   0.00001   0.00001  -0.00004  -0.00009
   0.00001   0.09084   0.00002  -0.00000  -0.00002
   0.00001   0.00002   0.20897   0.00014   0.00001
  -0.00004  -0.00000   0.00014   0.09057  -0.00020
  -0.00009  -0.00002   0.00001  -0.00020   0.19789
   occupation matrix (subspace #          97 , spin            1 )
   0.10178  -0.00000   0.00000  -0.00001  -0.00000
  -0.00000   0.09067   0.00010   0.00000   0.00018
   0.00000   0.00010   0.20899  -0.00000  -0.00004
  -0.00001   0.00000  -0.00000   0.09077   0.00000
  -0.00000   0.00018  -0.00004   0.00000   0.19789
   occupation matrix (subspace #          98 , spin            1 )
   0.10182  -0.00000  -0.00000  -0.00000   0.00004
  -0.00000   0.09077  -0.00007   0.00000  -0.00001
  -0.00000  -0.00007   0.20887  -0.00004  -0.00003
  -0.00000   0.00000  -0.00004   0.09070   0.00006
   0.00004  -0.00001  -0.00003   0.00006   0.19794
   occupation matrix (subspace #          99 , spin            1 )
   0.10185   0.00000   0.00000   0.00000   0.00000
   0.00000   0.09074   0.00001  -0.00000   0.00000
   0.00000   0.00001   0.20884  -0.00000   0.00000
   0.00000  -0.00000  -0.00000   0.09072   0.00000
   0.00000   0.00000   0.00000   0.00000   0.19797
   occupation matrix (subspace #         100 , spin            1 )
   0.10184  -0.00000  -0.00000  -0.00001   0.00000
  -0.00000   0.09073  -0.00001   0.00000  -0.00001
  -0.00000  -0.00001   0.20884  -0.00000   0.00001
  -0.00001   0.00000  -0.00000   0.09072   0.00000
   0.00000  -0.00001   0.00001   0.00000   0.19797
   occupation matrix (subspace #         101 , spin            1 )
   0.10236  -0.00000  -0.00000  -0.00018  -0.00000
  -0.00000   0.09134  -0.00019  -0.00000   0.00033
  -0.00000  -0.00019   0.20744  -0.00000   0.00005
  -0.00018  -0.00000  -0.00000   0.09060  -0.00000
  -0.00000   0.00033   0.00005  -0.00000   0.19840
   occupation matrix (subspace #         102 , spin            1 )
   0.10417  -0.00100   0.00033  -0.00100   0.00000
  -0.00100   0.09130  -0.00072   0.00017  -0.00000
   0.00033  -0.00072   0.20544  -0.00072   0.00000
  -0.00100   0.00017  -0.00072   0.09130   0.00000
   0.00000  -0.00000   0.00000   0.00000   0.19886
   occupation matrix (subspace #         103 , spin            1 )
   0.10186   0.00000  -0.00000   0.00006  -0.00000
   0.00000   0.09060   0.00036  -0.00000  -0.00010
  -0.00000   0.00036   0.20871   0.00000  -0.00002
   0.00006  -0.00000   0.00000   0.09068   0.00000
  -0.00000  -0.00010  -0.00002   0.00000   0.19806
   occupation matrix (subspace #         104 , spin            1 )
   0.10182  -0.00011   0.00024  -0.00001  -0.00006
  -0.00011   0.08958  -0.00057   0.00003  -0.00164
   0.00024  -0.00057   0.20907  -0.00073  -0.00035
  -0.00001   0.00003  -0.00073   0.09256  -0.00030
  -0.00006  -0.00164  -0.00035  -0.00030   0.19766
   occupation matrix (subspace #         105 , spin            1 )
   0.10185   0.00000  -0.00000   0.00000   0.00000
   0.00000   0.09073   0.00003   0.00000   0.00000
  -0.00000   0.00003   0.20883   0.00000  -0.00001
   0.00000   0.00000   0.00000   0.09073  -0.00000
   0.00000   0.00000  -0.00001  -0.00000   0.19797
   occupation matrix (subspace #         106 , spin            1 )
   0.10182  -0.00000  -0.00000  -0.00000  -0.00004
  -0.00000   0.09070  -0.00004   0.00000  -0.00006
  -0.00000  -0.00004   0.20887  -0.00007   0.00003
  -0.00000   0.00000  -0.00007   0.09076   0.00001
  -0.00004  -0.00006   0.00003   0.00001   0.19794
   occupation matrix (subspace #         107 , spin            1 )
   0.10150  -0.00000  -0.00000   0.00021  -0.00000
  -0.00000   0.09054   0.00048   0.00000   0.00072
  -0.00000   0.00048   0.20952  -0.00000  -0.00009
   0.00021   0.00000  -0.00000   0.09109  -0.00000
  -0.00000   0.00072  -0.00009  -0.00000   0.19759
   occupation matrix (subspace #         108 , spin            1 )
   0.10179   0.00001  -0.00001   0.00004   0.00009
   0.00001   0.09084  -0.00002   0.00000   0.00002
  -0.00001  -0.00002   0.20897   0.00014   0.00001
   0.00004   0.00000   0.00014   0.09057  -0.00020
   0.00009   0.00002   0.00001  -0.00020   0.19789
