Material	U	c1	c2	J2
Anatase	0.0	1.0	-0.036734694	5.456663768
Anatase	0.102040816	0.5	-0.036734694	5.176453244
Anatase	0.204081633	0.5	-0.53877551	5.400802643
Anatase	0.306122449	0.5	-0.563265306	5.25766487
Anatase	0.408163265	0.5	-0.587755102	5.099083432
Anatase	0.510204082	0.5	-0.6	4.961323056
Anatase	0.612244898	0.5	-0.6	4.85950576
Anatase	0.714285714	0.5	-0.6	4.818542585
Anatase	0.816326531	0.5	-0.6	4.792523157
Anatase	0.918367347	0.5	-0.6	4.752199475
Anatase	1.020408163	0.5	-0.6	4.69748913
Anatase	1.12244898	0.510204082	-0.6	4.653536886
Anatase	1.224489796	0.571428571	-0.6	4.622292162
Anatase	1.326530612	0.62244898	-0.6	4.618367697
Anatase	1.428571429	0.663265306	-0.6	4.656452293
Anatase	1.530612245	0.704081633	-0.6	4.733953595
Anatase	1.632653061	0.734693878	-0.6	4.835386685
Anatase	1.734693878	0.765306122	-0.6	4.936800511
Anatase	1.836734694	0.795918367	-0.6	5.012990273
Anatase	1.93877551	0.816326531	-0.6	5.043390407
Anatase	2.040816327	0.836734694	-0.6	5.02241995
Anatase	2.142857143	0.857142857	-0.6	4.959952768
Anatase	2.244897959	0.87755102	-0.6	4.878443614
Anatase	2.346938776	0.887755102	-0.6	4.801193088
Anatase	2.448979592	0.908163265	-0.6	4.746586784
Anatase	2.551020408	0.918367347	-0.6	4.718681454
Anatase	2.653061224	0.928571429	-0.6	4.715105743
Anatase	2.755102041	0.93877551	-0.6	4.72680971
Anatase	2.857142857	0.959183673	-0.6	4.742749777
Anatase	2.959183673	0.969387755	-0.6	4.753006166
Anatase	3.06122449	0.979591837	-0.6	4.751289057
Anatase	3.163265306	0.979591837	-0.6	4.737095388
Anatase	3.265306122	0.989795918	-0.6	4.716977959
Anatase	3.367346939	1.0	-0.6	4.702169506
Anatase	3.469387755	1.0	-0.6	4.705845695
Anatase	3.571428571	1.0	-0.6	4.730697606
Anatase	3.673469388	1.0	-0.6	4.771756826
Anatase	3.775510204	1.0	-0.6	4.822704464
Anatase	3.87755102	1.0	-0.6	4.879660172
Anatase	3.979591837	1.0	-0.6	4.942260894
Anatase	4.081632653	1.0	-0.587755102	5.005245041
Anatase	4.183673469	1.0	-0.575510204	5.039029015
Anatase	4.285714286	1.0	-0.563265306	5.070391457
Anatase	4.387755102	1.0	-0.563265306	5.099416978
Anatase	4.489795918	1.0	-0.551020408	5.132416133
Anatase	4.591836735	0.989795918	-0.53877551	5.184891085
Anatase	4.693877551	0.979591837	-0.526530612	5.23730519
Anatase	4.795918367	0.969387755	-0.526530612	5.281885841
Anatase	4.897959184	0.959183673	-0.514285714	5.32285401
Anatase	5.0	0.93877551	-0.489795918	5.413594286
CeO2	0.0	0.989795918	-0.024489796	6.240554429
CeO2	0.102040816	0.5	-0.024489796	5.922431491
CeO2	0.204081633	0.5	-0.024489796	5.908769762
CeO2	0.306122449	0.5	-0.024489796	5.899919585
CeO2	0.408163265	0.5	0.0	5.868864973
CeO2	0.510204082	0.5	0.0	5.808262148
CeO2	0.612244898	0.5	0.0	5.756815379
CeO2	0.714285714	0.5	-0.12244898	5.696020721
CeO2	0.816326531	0.5	-0.134693878	5.613617186
CeO2	0.918367347	0.5	-0.146938776	5.535353134
CeO2	1.020408163	0.5	-0.159183673	5.462257172
CeO2	1.12244898	0.5	-0.171428571	5.39293036
CeO2	1.224489796	0.5	-0.183673469	5.326027278
CeO2	1.326530612	0.5	-0.195918367	5.262365821
CeO2	1.428571429	0.5	-0.208163265	5.204037768
CeO2	1.530612245	0.5	-0.220408163	5.151433478
CeO2	1.632653061	0.5	-0.244897959	5.104713826
CeO2	1.734693878	0.5	-0.257142857	5.064766205
CeO2	1.836734694	0.5	-0.281632653	5.033327438
CeO2	1.93877551	0.5	-0.318367347	5.011321679
CeO2	2.040816327	0.5	-0.379591837	4.995389789
CeO2	2.142857143	0.5	-0.6	4.930108986
CeO2	2.244897959	0.5	-0.6	4.877948626
CeO2	2.346938776	0.5	-0.6	4.849624971
CeO2	2.448979592	0.5	-0.6	4.84942722
CeO2	2.551020408	0.520408163	-0.6	4.879073164
CeO2	2.653061224	0.56122449	-0.6	4.91312492
CeO2	2.755102041	0.612244898	-0.6	4.944849594
CeO2	2.857142857	0.683673469	-0.53877551	4.951597936
CeO2	2.959183673	0.714285714	-0.53877551	4.953081538
CeO2	3.06122449	0.744897959	-0.551020408	4.952215777
CeO2	3.163265306	0.775510204	-0.551020408	4.953575425
CeO2	3.265306122	0.795918367	-0.551020408	4.957386189
CeO2	3.367346939	0.826530612	-0.551020408	4.960619412
CeO2	3.469387755	0.846938776	-0.563265306	4.963024007
CeO2	3.571428571	0.5	-0.012244898	4.754763696
CeO2	3.673469388	0.510204082	-0.012244898	4.33077639
CeO2	3.775510204	0.520408163	-0.012244898	3.973254293
CeO2	3.87755102	0.530612245	-0.012244898	3.796511421
CeO2	3.979591837	0.540816327	-0.012244898	3.960107474
CeO2	4.081632653	0.540816327	-0.012244898	4.603775548
CeO2	4.183673469	0.989795918	-0.563265306	4.988211591
CeO2	4.285714286	1.0	-0.563265306	5.002740217
CeO2	4.387755102	1.0	-0.563265306	5.030091436
CeO2	4.489795918	1.0	-0.575510204	5.064637052
CeO2	4.591836735	0.602040816	-0.024489796	5.103389894
CeO2	4.693877551	0.602040816	-0.024489796	5.119583097
CeO2	4.795918367	0.612244898	-0.024489796	5.12519429
CeO2	4.897959184	0.62244898	-0.024489796	5.133482324
CeO2	5.0	0.62244898	-0.024489796	5.152600502
Cu2O	0.0	1.0	0.0	3.793318482
Cu2O	0.102040816	0.5	0.0	5.498568409
Cu2O	0.204081633	0.5	-0.551020408	5.437860379
Cu2O	0.306122449	0.642857143	-0.6	4.364904574
Cu2O	0.408163265	0.785714286	-0.6	4.409102294
Cu2O	0.510204082	0.857142857	-0.6	4.522828127
Cu2O	0.612244898	0.918367347	-0.6	4.601216495
Cu2O	0.714285714	0.948979592	-0.6	4.468932364
Cu2O	0.816326531	0.979591837	-0.6	4.686323801
Cu2O	0.918367347	1.0	-0.6	5.392186806
Cu2O	1.020408163	1.0	-0.6	6.185881053
Cu2O	1.12244898	1.0	-0.6	6.806066536
Cu2O	1.224489796	1.0	-0.6	7.200686083
Cu2O	1.326530612	1.0	-0.6	7.398687353
Cu2O	1.428571429	1.0	-0.6	7.441972268
Cu2O	1.530612245	1.0	-0.6	7.366857905
Cu2O	1.632653061	1.0	-0.6	7.204714338
Cu2O	1.734693878	1.0	-0.6	6.98694076
Cu2O	1.836734694	1.0	-0.6	6.748295504
Cu2O	1.93877551	1.0	-0.6	6.526674948
Cu2O	2.040816327	1.0	-0.587755102	6.358769979
Cu2O	2.142857143	1.0	-0.587755102	6.27445256
Cu2O	2.244897959	1.0	-0.575510204	6.304035224
Cu2O	2.346938776	1.0	-0.575510204	6.470189781
Cu2O	2.448979592	1.0	-0.563265306	6.781440268
Cu2O	2.551020408	1.0	-0.563265306	7.228869592
Cu2O	2.653061224	1.0	-0.551020408	7.767079686
Cu2O	2.755102041	1.0	-0.551020408	8.319733427
Cu2O	2.857142857	1.0	-0.53877551	8.801070746
Cu2O	2.959183673	1.0	-0.53877551	9.15468299
Cu2O	3.06122449	1.0	-0.53877551	9.414077359
Cu2O	3.163265306	1.0	-0.526530612	9.701065186
Cu2O	3.265306122	1.0	-0.526530612	10.18973112
Cu2O	3.367346939	1.0	-0.526530612	11.0300764
Cu2O	3.469387755	1.0	-0.526530612	12.2660857
Cu2O	3.571428571	1.0	-0.526530612	13.81550399
Cu2O	3.673469388	1.0	-0.514285714	15.5057851
Cu2O	3.775510204	1.0	-0.514285714	17.15034688
Cu2O	3.87755102	1.0	-0.514285714	18.59896756
Cu2O	3.979591837	1.0	-0.514285714	19.76190355
Cu2O	4.081632653	1.0	-0.502040816	20.60270286
Cu2O	4.183673469	1.0	-0.502040816	21.11646884
Cu2O	4.285714286	1.0	-0.502040816	21.31765695
Cu2O	4.387755102	1.0	-0.502040816	21.22166144
Cu2O	4.489795918	1.0	-0.502040816	20.84362939
Cu2O	4.591836735	1.0	-0.489795918	20.20118914
Cu2O	4.693877551	1.0	-0.489795918	19.31868412
Cu2O	4.795918367	1.0	-0.489795918	18.24311887
Cu2O	4.897959184	1.0	-0.489795918	17.04092591
Cu2O	5.0	1.0	-0.489795918	15.79732319
LiCoO2	0.0	0.744897959	-0.183673469	27.0737636
LiCoO2	0.102040816	1.0	-0.024489796	27.81399906
LiCoO2	0.204081633	1.0	-0.012244898	27.08855486
LiCoO2	0.306122449	1.0	0.0	26.34233022
LiCoO2	0.408163265	1.0	0.0	25.62393441
LiCoO2	0.510204082	1.0	0.0	24.96304343
LiCoO2	0.612244898	1.0	0.0	24.35450048
LiCoO2	0.714285714	1.0	0.0	23.78705515
LiCoO2	0.816326531	1.0	0.0	23.24836642
LiCoO2	0.918367347	1.0	0.0	22.72767318
LiCoO2	1.020408163	1.0	0.0	22.21678541
LiCoO2	1.12244898	1.0	0.0	21.71002606
LiCoO2	1.224489796	1.0	0.0	21.20368216
LiCoO2	1.326530612	1.0	0.0	20.6953544
LiCoO2	1.428571429	1.0	0.0	20.18341304
LiCoO2	1.530612245	1.0	0.0	19.66663101
LiCoO2	1.632653061	1.0	0.0	19.14398431
LiCoO2	1.734693878	1.0	0.0	18.61457429
LiCoO2	1.836734694	1.0	0.0	18.07762048
LiCoO2	1.93877551	1.0	0.0	17.53248094
LiCoO2	2.040816327	1.0	0.0	16.9786727
LiCoO2	2.142857143	1.0	0.0	16.4158798
LiCoO2	2.244897959	1.0	0.0	15.84395008
LiCoO2	2.346938776	1.0	0.0	15.26289027
LiCoO2	2.448979592	1.0	0.0	14.67287294
LiCoO2	2.551020408	1.0	0.0	14.07426677
LiCoO2	2.653061224	1.0	0.0	13.46769519
LiCoO2	2.755102041	1.0	0.0	12.85411805
LiCoO2	2.857142857	1.0	0.0	12.23492032
LiCoO2	2.959183673	1.0	0.0	11.61198352
LiCoO2	3.06122449	1.0	0.0	10.98771355
LiCoO2	3.163265306	1.0	0.0	10.36500498
LiCoO2	3.265306122	1.0	0.0	9.747137062
LiCoO2	3.367346939	1.0	0.0	9.137617874
LiCoO2	3.469387755	1.0	0.0	8.540015479
LiCoO2	3.571428571	1.0	0.0	7.957833069
LiCoO2	3.673469388	1.0	0.0	7.394494172
LiCoO2	3.775510204	1.0	0.0	6.853502255
LiCoO2	3.87755102	1.0	0.0	6.338826119
LiCoO2	3.979591837	1.0	0.0	5.85553654
LiCoO2	4.081632653	1.0	0.0	5.410670321
LiCoO2	4.183673469	1.0	0.0	5.014195567
LiCoO2	4.285714286	1.0	0.0	4.679746661
LiCoO2	4.387755102	1.0	0.0	4.424467034
LiCoO2	4.489795918	1.0	0.0	4.267028412
LiCoO2	4.591836735	1.0	0.0	4.223310739
LiCoO2	4.693877551	1.0	0.0	4.300945911
LiCoO2	4.795918367	1.0	0.0	4.495866121
LiCoO2	4.897959184	1.0	0.0	4.793315525
LiCoO2	5.0	1.0	0.0	5.172396039
LiFePO4	0.0	0.836734694	-0.183673469	14.38537662
LiFePO4	0.102040816	0.5	0.0	11.72766739
LiFePO4	0.204081633	0.5	-0.195918367	13.59090528
LiFePO4	0.306122449	0.5	-0.342857143	11.14681367
LiFePO4	0.408163265	0.5	-0.6	11.89066907
LiFePO4	0.510204082	0.591836735	-0.6	13.91206529
LiFePO4	0.612244898	0.5	-0.416326531	13.46953292
LiFePO4	0.714285714	0.755102041	-0.6	12.42896065
LiFePO4	0.816326531	0.806122449	-0.6	12.7506591
LiFePO4	0.918367347	0.846938776	-0.6	14.46618753
LiFePO4	1.020408163	0.87755102	-0.6	16.5682821
LiFePO4	1.12244898	0.908163265	-0.6	18.12066011
LiFePO4	1.224489796	0.928571429	-0.6	18.8668463
LiFePO4	1.326530612	0.948979592	-0.6	19.05439482
LiFePO4	1.428571429	0.959183673	-0.6	19.056862
LiFePO4	1.530612245	0.979591837	-0.6	19.15208353
LiFePO4	1.632653061	0.989795918	-0.6	19.47078636
LiFePO4	1.734693878	1.0	-0.6	20.02748613
LiFePO4	1.836734694	1.0	-0.6	20.77201969
LiFePO4	1.93877551	1.0	-0.6	21.62904233
LiFePO4	2.040816327	1.0	-0.6	22.52425865
LiFePO4	2.142857143	1.0	-0.6	23.39748563
LiFePO4	2.244897959	1.0	-0.6	24.20635952
LiFePO4	2.346938776	1.0	-0.6	24.92493843
LiFePO4	2.448979592	1.0	-0.6	25.54017836
LiFePO4	2.551020408	1.0	-0.6	26.0480909
LiFePO4	2.653061224	1.0	-0.6	26.45045339
LiFePO4	2.755102041	1.0	-0.6	26.75234863
LiFePO4	2.857142857	1.0	-0.6	26.96050483
LiFePO4	2.959183673	1.0	-0.6	27.08228441
LiFePO4	3.06122449	1.0	-0.6	27.12514751
LiFePO4	3.163265306	1.0	-0.6	27.09643614
LiFePO4	3.265306122	1.0	-0.6	27.00335727
LiFePO4	3.367346939	1.0	-0.6	26.85307352
LiFePO4	3.469387755	1.0	-0.6	26.65283466
LiFePO4	3.571428571	1.0	-0.587755102	26.40602225
LiFePO4	3.673469388	1.0	-0.587755102	26.12224098
LiFePO4	3.775510204	1.0	-0.575510204	25.80727104
LiFePO4	3.87755102	1.0	-0.575510204	25.47069192
LiFePO4	3.979591837	1.0	-0.563265306	25.12034639
LiFePO4	4.081632653	1.0	-0.563265306	24.76303135
LiFePO4	4.183673469	1.0	-0.563265306	24.41044364
LiFePO4	4.285714286	1.0	-0.551020408	24.06361501
LiFePO4	4.387755102	1.0	-0.551020408	23.73534618
LiFePO4	4.489795918	1.0	-0.53877551	23.43052365
LiFePO4	4.591836735	1.0	-0.53877551	23.1503901
LiFePO4	4.693877551	1.0	-0.53877551	22.90449994
LiFePO4	4.795918367	1.0	-0.526530612	22.69622019
LiFePO4	4.897959184	1.0	-0.526530612	22.52200332
LiFePO4	5.0	1.0	-0.526530612	22.39061561
MoO3	0.0	1.0	-0.195918367	6.530080734
MoO3	0.102040816	0.5	-0.306122449	3.752388228
MoO3	0.204081633	0.5	-0.6	3.605872367
MoO3	0.306122449	0.5	0.0	4.515484207
MoO3	0.408163265	0.5	-0.208163265	6.396815471
MoO3	0.510204082	0.5	-0.367346939	6.211331911
MoO3	0.612244898	0.581632653	-0.53877551	6.183805654
MoO3	0.714285714	0.744897959	-0.6	6.629883503
MoO3	0.816326531	0.5	0.0	7.346784603
MoO3	0.918367347	0.5	0.0	8.839536208
MoO3	1.020408163	0.5	0.0	10.83479873
MoO3	1.12244898	0.5	0.0	12.82260387
MoO3	1.224489796	0.5	0.0	14.48623023
MoO3	1.326530612	0.5	0.0	15.72339485
MoO3	1.428571429	0.5	0.0	16.57391454
MoO3	1.530612245	0.989795918	-0.6	16.9334418
MoO3	1.632653061	1.0	-0.6	17.21139242
MoO3	1.734693878	1.0	-0.6	17.55876365
MoO3	1.836734694	1.0	-0.6	18.01161654
MoO3	1.93877551	1.0	-0.6	18.57888841
MoO3	2.040816327	0.5	0.0	19.04261131
MoO3	2.142857143	0.5	0.0	19.56939193
MoO3	2.244897959	0.5	0.0	20.16742216
MoO3	2.346938776	0.5	0.0	20.8261551
MoO3	2.448979592	0.5	0.0	21.5321141
MoO3	2.551020408	0.5	0.0	22.27109145
MoO3	2.653061224	0.5	0.0	23.02953949
MoO3	2.755102041	0.5	0.0	23.79537203
MoO3	2.857142857	0.5	0.0	24.55835407
MoO3	2.959183673	0.5	0.0	25.31021595
MoO3	3.06122449	0.5	0.0	26.04459163
MoO3	3.163265306	0.5	0.0	26.75685309
MoO3	3.265306122	0.5	0.0	27.44389125
MoO3	3.367346939	0.5	0.0	28.10387797
MoO3	3.469387755	0.5	0.0	28.73603203
MoO3	3.571428571	0.5	0.0	29.34040288
MoO3	3.673469388	0.5	0.0	29.91767942
MoO3	3.775510204	0.5	0.0	30.46902619
MoO3	3.87755102	0.5	0.0	30.99594606
MoO3	3.979591837	0.5	0.0	31.50016607
MoO3	4.081632653	0.5	0.0	31.98354202
MoO3	4.183673469	0.5	0.0	32.4479768
MoO3	4.285714286	0.5	0.0	32.89534802
MoO3	4.387755102	0.510204082	0.0	33.37941779
MoO3	4.489795918	0.510204082	0.0	33.79890302
MoO3	4.591836735	0.520408163	0.0	34.26214372
MoO3	4.693877551	0.530612245	0.0	34.71843648
MoO3	4.795918367	0.530612245	0.0	35.10658356
MoO3	4.897959184	0.540816327	0.0	35.54825794
MoO3	5.0	0.551020408	0.0	35.98461575
Rutile	0.0	0.5	-0.416326531	5.54820853
Rutile	0.102040816	0.5	-0.428571429	4.22710409
Rutile	0.204081633	0.5	-0.489795918	3.946478642
Rutile	0.306122449	0.5	-0.489795918	3.738255022
Rutile	0.408163265	0.5	-0.489795918	3.586760933
Rutile	0.510204082	0.5	-0.526530612	3.236808033
Rutile	0.612244898	0.5	-0.526530612	2.875302251
Rutile	0.714285714	0.5	-0.551020408	2.298263282
Rutile	0.816326531	0.5	-0.526530612	2.46047916
Rutile	0.918367347	0.5	-0.526530612	2.385687167
Rutile	1.020408163	0.5	-0.526530612	2.38501039
Rutile	1.12244898	0.540816327	-0.551020408	1.962845821
Rutile	1.224489796	0.56122449	-0.526530612	2.554885982
Rutile	1.326530612	0.602040816	-0.526530612	2.665870633
Rutile	1.428571429	0.602040816	-0.502040816	2.703331554
Rutile	1.530612245	0.632653061	-0.502040816	2.632343711
Rutile	1.632653061	0.663265306	-0.502040816	2.550125796
Rutile	1.734693878	0.693877551	-0.502040816	2.471067746
Rutile	1.836734694	0.714285714	-0.502040816	2.405298108
Rutile	1.93877551	0.714285714	-0.489795918	2.241825301
Rutile	2.040816327	0.734693878	-0.489795918	2.022019199
Rutile	2.142857143	0.744897959	-0.489795918	1.83227797
Rutile	2.244897959	0.765306122	-0.489795918	1.67786863
Rutile	2.346938776	0.775510204	-0.489795918	1.568681393
Rutile	2.448979592	0.795918367	-0.489795918	1.502011525
Rutile	2.551020408	0.806122449	-0.489795918	1.47103237
Rutile	2.653061224	0.816326531	-0.489795918	1.466763524
Rutile	2.755102041	0.826530612	-0.489795918	1.477203818
Rutile	2.857142857	0.836734694	-0.489795918	1.494020811
Rutile	2.959183673	0.846938776	-0.489795918	1.515417374
Rutile	3.06122449	0.857142857	-0.489795918	1.54661918
Rutile	3.163265306	0.857142857	-0.489795918	1.595249161
Rutile	3.265306122	0.867346939	-0.489795918	1.669273448
Rutile	3.367346939	0.908163265	-0.514285714	1.653402852
Rutile	3.469387755	0.918367347	-0.514285714	1.59078452
Rutile	3.571428571	0.928571429	-0.514285714	1.56952206
Rutile	3.673469388	0.928571429	-0.514285714	1.575392279
Rutile	3.775510204	0.93877551	-0.514285714	1.595508612
Rutile	3.87755102	0.93877551	-0.514285714	1.627709021
Rutile	3.979591837	0.948979592	-0.514285714	1.650264582
Rutile	4.081632653	0.959183673	-0.514285714	1.679984001
Rutile	4.183673469	0.959183673	-0.514285714	1.701324483
Rutile	4.285714286	0.969387755	-0.514285714	1.738088333
Rutile	4.387755102	0.969387755	-0.514285714	1.777066565
Rutile	4.489795918	0.969387755	-0.514285714	1.844696619
Rutile	4.591836735	0.979591837	-0.514285714	1.926979278
Rutile	4.693877551	0.979591837	-0.514285714	2.040588615
Rutile	4.795918367	0.969387755	-0.502040816	2.11786942
Rutile	4.897959184	0.969387755	-0.502040816	2.2199075
Rutile	5.0	0.979591837	-0.502040816	2.337969112
WO3	0.0	1.0	0.0	3.928715372
WO3	0.102040816	0.5	0.0	3.637690999
WO3	0.204081633	0.5	0.0	3.910151889
WO3	0.306122449	0.5	0.0	4.191033369
WO3	0.408163265	0.5	0.0	4.489132782
WO3	0.510204082	0.5	0.0	4.812384443
WO3	0.612244898	0.5	0.0	5.16577866
WO3	0.714285714	0.5	0.0	5.551120526
WO3	0.816326531	0.5	0.0	5.967134103
WO3	0.918367347	0.5	0.0	6.410062654
WO3	1.020408163	0.5	0.0	6.874513022
WO3	1.12244898	0.5	0.0	7.354236718
WO3	1.224489796	0.5	0.0	7.842700518
WO3	1.326530612	0.5	0.0	8.333452172
WO3	1.428571429	0.5	0.0	8.820357961
WO3	1.530612245	0.5	0.0	9.297792168
WO3	1.632653061	0.5	0.0	9.760828662
WO3	1.734693878	0.5	0.0	10.20544783
WO3	1.836734694	0.5	0.0	10.62874258
WO3	1.93877551	0.5	0.0	11.02909112
WO3	2.040816327	0.5	0.0	11.40626169
WO3	2.142857143	0.5	0.0	11.76142373
WO3	2.244897959	0.5	0.0	12.09705525
WO3	2.346938776	0.5	0.0	12.41675322
WO3	2.448979592	0.5	0.0	12.72496863
WO3	2.551020408	0.5	0.0	13.02669554
WO3	2.653061224	0.5	0.0	13.32714582
WO3	2.755102041	0.5	0.0	13.6314359
WO3	2.857142857	0.5	0.0	13.94430377
WO3	2.959183673	0.5	0.0	14.26986463
WO3	3.06122449	0.5	0.0	14.61140623
WO3	3.163265306	0.5	0.0	14.97122141
WO3	3.265306122	0.5	0.0	15.35047657
WO3	3.367346939	1.0	-0.6	15.66216803
WO3	3.469387755	1.0	-0.6	15.8994559
WO3	3.571428571	1.0	-0.6	16.13984048
WO3	3.673469388	1.0	-0.6	16.38342777
WO3	3.775510204	1.0	-0.6	16.63028691
WO3	3.87755102	1.0	-0.6	16.8804573
WO3	3.979591837	1.0	-0.6	17.13395516
WO3	4.081632653	1.0	-0.6	17.39077947
WO3	4.183673469	1.0	-0.6	17.65091637
WO3	4.285714286	1.0	-0.587755102	17.90379111
WO3	4.387755102	1.0	-0.587755102	18.15298936
WO3	4.489795918	1.0	-0.575510204	18.39392439
WO3	4.591836735	1.0	-0.575510204	18.63157361
WO3	4.693877551	1.0	-0.563265306	18.86191275
WO3	4.795918367	1.0	-0.563265306	19.08811244
WO3	4.897959184	1.0	-0.563265306	19.31701817
WO3	5.0	1.0	-0.563265306	19.54863197
Y2O3	0.0	1.0	-0.012244898	11.39850183
Y2O3	0.102040816	0.642857143	-0.012244898	11.06565928
Y2O3	0.204081633	0.653061224	-0.012244898	11.66116861
Y2O3	0.306122449	0.663265306	-0.012244898	12.37030684
Y2O3	0.408163265	0.673469388	-0.012244898	12.95802512
Y2O3	0.510204082	0.683673469	-0.012244898	13.43795183
Y2O3	0.612244898	0.693877551	-0.012244898	14.03297042
Y2O3	0.714285714	0.693877551	-0.012244898	14.72509569
Y2O3	0.816326531	0.704081633	-0.012244898	15.28760854
Y2O3	0.918367347	0.714285714	-0.012244898	15.65163144
Y2O3	1.020408163	0.724489796	-0.012244898	16.09688777
Y2O3	1.12244898	0.734693878	-0.012244898	16.73295489
Y2O3	1.224489796	0.734693878	-0.012244898	17.26836137
Y2O3	1.326530612	0.744897959	-0.012244898	17.59275081
Y2O3	1.428571429	0.755102041	-0.012244898	17.9079582
Y2O3	1.530612245	0.765306122	-0.012244898	18.43612674
Y2O3	1.632653061	0.765306122	-0.012244898	18.95855627
Y2O3	1.734693878	0.775510204	-0.012244898	19.29969131
Y2O3	1.836734694	0.785714286	-0.012244898	19.53592798
Y2O3	1.93877551	0.795918367	-0.012244898	19.94417207
Y2O3	2.040816327	0.795918367	-0.012244898	20.42125827
Y2O3	2.142857143	0.806122449	-0.110204082	20.72212027
Y2O3	2.244897959	0.816326531	-0.134693878	20.84346832
Y2O3	2.346938776	0.826530612	-0.159183673	21.03503133
Y2O3	2.448979592	0.836734694	-0.183673469	21.35764798
Y2O3	2.551020408	0.846938776	-0.195918367	21.60887769
Y2O3	2.653061224	0.857142857	-0.208163265	21.71421643
Y2O3	2.755102041	0.867346939	-0.232653061	21.81239118
Y2O3	2.857142857	0.87755102	-0.244897959	22.03806685
Y2O3	2.959183673	0.887755102	-0.257142857	22.27356199
Y2O3	3.06122449	0.897959184	-0.269387755	22.38918204
Y2O3	3.163265306	0.908163265	-0.293877551	22.43694678
Y2O3	3.265306122	0.918367347	-0.269387755	22.61510503
Y2O3	3.367346939	0.93877551	-0.318367347	22.88853907
Y2O3	3.469387755	0.948979592	-0.293877551	23.05516554
Y2O3	3.571428571	0.969387755	-0.318367347	23.14314592
Y2O3	3.673469388	0.989795918	-0.330612245	23.30369037
Y2O3	3.775510204	1.0	-0.293877551	23.64426083
Y2O3	3.87755102	1.0	-0.208163265	24.21041378
Y2O3	3.979591837	1.0	-0.110204082	25.05107915
ZrO2	0.0	1.0	-0.6	21.61330237
ZrO2	0.102040816	0.632653061	-0.12244898	15.52040562
ZrO2	0.204081633	0.642857143	-0.012244898	48.15116951
ZrO2	0.306122449	0.642857143	0.0	33.58166737
ZrO2	0.408163265	0.653061224	-0.012244898	38.79730991
ZrO2	0.510204082	0.663265306	-0.012244898	20.31634617
ZrO2	0.612244898	0.673469388	-0.012244898	14.79661879
ZrO2	0.714285714	0.673469388	-0.220408163	16.62939526
ZrO2	0.816326531	0.683673469	-0.12244898	15.001672
ZrO2	0.918367347	0.693877551	-0.036734694	14.78095398
ZrO2	1.020408163	0.704081633	-0.183673469	15.20770887
ZrO2	1.12244898	0.704081633	0.0	15.78261025
ZrO2	1.224489796	0.714285714	-0.318367347	20.06410357
ZrO2	1.326530612	0.724489796	0.0	16.39725126
ZrO2	1.428571429	0.724489796	-0.526530612	17.76618029
ZrO2	1.530612245	0.734693878	-0.47755102	11.07853926
ZrO2	1.632653061	0.744897959	-0.06122449	11.67798177
ZrO2	1.734693878	0.744897959	-0.293877551	10.85130652
ZrO2	1.836734694	0.755102041	0.0	20.49455277
ZrO2	1.93877551	0.765306122	0.0	21.35981099
ZrO2	2.040816327	0.765306122	0.0	30.99218123
ZrO2	2.142857143	0.775510204	0.0	24.30189757
ZrO2	2.244897959	0.785714286	0.0	22.29319601
ZrO2	2.346938776	0.785714286	0.0	20.90424203
ZrO2	2.448979592	0.795918367	0.0	19.84293941
ZrO2	2.551020408	0.806122449	0.0	27.80115169
ZrO2	2.653061224	0.806122449	0.0	21.46080865
ZrO2	2.755102041	0.816326531	0.0	22.42807794
ZrO2	2.857142857	0.826530612	0.0	33.77782915
ZrO2	2.959183673	0.836734694	0.0	29.53488979
ZrO2	3.06122449	0.836734694	0.0	23.8131338
ZrO2	3.163265306	0.846938776	0.0	23.68553991
ZrO2	3.265306122	0.857142857	0.0	26.10973811
ZrO2	3.367346939	0.867346939	-0.195918367	47.79624349
ZrO2	3.469387755	0.867346939	0.0	25.19061472
ZrO2	3.571428571	0.87755102	0.0	25.92993274
ZrO2	3.673469388	0.887755102	0.0	29.3614372
ZrO2	3.775510204	0.897959184	0.0	26.48128226
ZrO2	3.87755102	0.897959184	0.0	26.09023727
ZrO2	3.979591837	0.918367347	-0.195918367	51.06881517
ZrO2	4.081632653	0.918367347	0.0	25.81361145
ZrO2	4.183673469	0.928571429	0.0	25.10765554
ZrO2	4.285714286	0.93877551	0.0	26.20754176
ZrO2	4.387755102	0.948979592	0.0	26.55611406
ZrO2	4.489795918	0.959183673	0.0	26.72154134
ZrO2	4.591836735	0.959183673	0.0	25.60723906
ZrO2	4.693877551	0.969387755	0.0	24.49498464
ZrO2	4.795918367	0.979591837	0.0	24.02134507
ZrO2	4.897959184	0.989795918	0.0	23.54174498
