   occupation matrix (subspace #           1 , spin            1 )
   0.16098   0.00000   0.05529  -0.00000   0.00000
   0.00000   0.15932   0.00000  -0.06435  -0.00000
   0.05529   0.00000   0.10456   0.00000   0.00000
  -0.00000  -0.06435   0.00000   0.15932  -0.00000
   0.00000  -0.00000   0.00000  -0.00000   0.09900
   occupation matrix (subspace #           2 , spin            1 )
   0.16098   0.00000  -0.05529   0.00000  -0.00000
   0.00000   0.15932  -0.00000   0.06435   0.00000
  -0.05529  -0.00000   0.10456   0.00000   0.00000
   0.00000   0.06435   0.00000   0.15932  -0.00000
  -0.00000   0.00000   0.00000  -0.00000   0.09900
   occupation matrix (subspace #           3 , spin            1 )
   1.55984   0.00000  -0.11799
   0.00000   1.51227   0.00000
  -0.11799   0.00000   1.55984
   occupation matrix (subspace #           4 , spin            1 )
   1.55984  -0.00000  -0.11799
  -0.00000   1.51227  -0.00000
  -0.11799  -0.00000   1.55984
   occupation matrix (subspace #           5 , spin            1 )
   1.55984  -0.00000   0.11799
  -0.00000   1.51227   0.00000
   0.11799   0.00000   1.55984
   occupation matrix (subspace #           6 , spin            1 )
   1.55984   0.00000   0.11799
   0.00000   1.51227  -0.00000
   0.11799  -0.00000   1.55984
