   occupation matrix (subspace #           1 , spin            1 )
   0.10576   0.00002   0.00003   0.00012   0.00018
   0.00002   0.09096   0.00020  -0.00001   0.00028
   0.00003   0.00020   0.20834   0.00031  -0.00074
   0.00012  -0.00001   0.00031   0.08953   0.00006
   0.00018   0.00028  -0.00074   0.00006   0.19704
   occupation matrix (subspace #           2 , spin            1 )
   0.10509  -0.00005   0.00001  -0.00001  -0.00003
  -0.00005   0.09004  -0.00007  -0.00000  -0.00002
   0.00001  -0.00007   0.20837  -0.00011   0.00041
  -0.00001  -0.00000  -0.00011   0.09063   0.00018
  -0.00003  -0.00002   0.00041   0.00018   0.19721
   occupation matrix (subspace #           3 , spin            1 )
   0.10472  -0.00001   0.00000  -0.00000  -0.00000
  -0.00001   0.09042  -0.00000   0.00000  -0.00000
   0.00000  -0.00000   0.20835  -0.00002  -0.00000
  -0.00000   0.00000  -0.00002   0.09038   0.00002
  -0.00000  -0.00000  -0.00000   0.00002   0.19735
   occupation matrix (subspace #           4 , spin            1 )
   0.10481   0.00001   0.00000   0.00000  -0.00000
   0.00001   0.09054   0.00000  -0.00000   0.00000
   0.00000   0.00000   0.20837   0.00003  -0.00019
   0.00000  -0.00000   0.00003   0.09021  -0.00001
  -0.00000   0.00000  -0.00019  -0.00001   0.19731
   occupation matrix (subspace #           5 , spin            1 )
   0.10897   0.00024   0.00022   0.00010   0.00028
   0.00024   0.09065  -0.00027  -0.00002  -0.00013
   0.00022  -0.00027   0.20642   0.00013  -0.00018
   0.00010  -0.00002   0.00013   0.08968  -0.00030
   0.00028  -0.00013  -0.00018  -0.00030   0.19695
   occupation matrix (subspace #           6 , spin            1 )
   0.11084   0.00017   0.00020   0.00017  -0.00000
   0.00017   0.08968  -0.00035   0.00002  -0.00036
   0.00020  -0.00035   0.20725  -0.00035   0.00000
   0.00017   0.00002  -0.00035   0.08968   0.00036
  -0.00000  -0.00036   0.00000   0.00036   0.19602
   occupation matrix (subspace #           7 , spin            1 )
   0.10685  -0.00030  -0.00000   0.00000   0.00000
  -0.00030   0.09032   0.00000  -0.00000   0.00000
  -0.00000   0.00000   0.20815  -0.00112   0.00078
   0.00000  -0.00000  -0.00112   0.09034   0.00188
   0.00000   0.00000   0.00078   0.00188   0.19666
   occupation matrix (subspace #           8 , spin            1 )
   0.10930   0.00011   0.00000   0.00000   0.00000
   0.00011   0.08945   0.00000  -0.00000   0.00000
   0.00000   0.00000   0.20681  -0.00027  -0.00030
   0.00000  -0.00000  -0.00027   0.09075   0.00004
   0.00000   0.00000  -0.00030   0.00004   0.19639
   occupation matrix (subspace #           9 , spin            1 )
   0.10481   0.00000   0.00000   0.00000   0.00000
   0.00000   0.09022   0.00001  -0.00000   0.00001
   0.00000   0.00001   0.20836   0.00001   0.00017
   0.00000  -0.00000   0.00001   0.09052  -0.00000
   0.00000   0.00001   0.00017  -0.00000   0.19733
   occupation matrix (subspace #          10 , spin            1 )
   0.10509  -0.00001   0.00001  -0.00005   0.00003
  -0.00001   0.09064  -0.00011  -0.00000  -0.00018
   0.00001  -0.00011   0.20837  -0.00007  -0.00041
  -0.00005  -0.00000  -0.00007   0.09003   0.00002
   0.00003  -0.00018  -0.00041   0.00002   0.19721
   occupation matrix (subspace #          11 , spin            1 )
   0.10711  -0.00006  -0.00000   0.00000  -0.00000
  -0.00006   0.09111   0.00000   0.00000   0.00000
  -0.00000   0.00000   0.20730   0.00009  -0.00105
   0.00000   0.00000   0.00009   0.08907  -0.00008
  -0.00000   0.00000  -0.00105  -0.00008   0.19723
   occupation matrix (subspace #          12 , spin            1 )
   0.10591   0.00002  -0.00000   0.00000  -0.00000
   0.00002   0.09008   0.00000  -0.00000   0.00000
  -0.00000   0.00000   0.20796   0.00010   0.00056
   0.00000  -0.00000   0.00010   0.09055  -0.00015
  -0.00000   0.00000   0.00056  -0.00015   0.19717
   occupation matrix (subspace #          13 , spin            1 )
   0.10582  -0.00015   0.00000   0.00000  -0.00000
  -0.00015   0.09122   0.00000  -0.00000   0.00000
   0.00000   0.00000   0.20834  -0.00010  -0.00076
   0.00000  -0.00000  -0.00010   0.08922   0.00013
  -0.00000   0.00000  -0.00076   0.00013   0.19713
   occupation matrix (subspace #          14 , spin            1 )
   0.10512  -0.00008   0.00000  -0.00000  -0.00000
  -0.00008   0.09009  -0.00000  -0.00000  -0.00000
   0.00000  -0.00000   0.20835  -0.00015   0.00047
  -0.00000  -0.00000  -0.00015   0.09062   0.00021
  -0.00000  -0.00000   0.00047   0.00021   0.19720
   occupation matrix (subspace #          15 , spin            1 )
   0.10471  -0.00001   0.00000  -0.00001   0.00000
  -0.00001   0.09039  -0.00003  -0.00000  -0.00004
   0.00000  -0.00003   0.20838  -0.00003   0.00000
  -0.00001  -0.00000  -0.00003   0.09039   0.00004
   0.00000  -0.00004   0.00000   0.00004   0.19734
   occupation matrix (subspace #          16 , spin            1 )
   0.10481   0.00000   0.00000   0.00000  -0.00000
   0.00000   0.09053   0.00001  -0.00000   0.00000
   0.00000   0.00001   0.20836   0.00001  -0.00017
   0.00000  -0.00000   0.00001   0.09022  -0.00001
  -0.00000   0.00000  -0.00017  -0.00001   0.19733
   occupation matrix (subspace #          17 , spin            1 )
   0.10894   0.00257  -0.00000  -0.00000  -0.00000
   0.00257   0.08281  -0.00000   0.00000  -0.00000
  -0.00000  -0.00000   0.20707   0.00300   0.00506
  -0.00000   0.00000   0.00300   0.09845  -0.00444
  -0.00000  -0.00000   0.00506  -0.00444   0.19685
   occupation matrix (subspace #          18 , spin            1 )
   0.11361  -0.00162   0.00000   0.00000  -0.00000
  -0.00162   0.08917   0.00000  -0.00000   0.00000
   0.00000   0.00000   0.20578  -0.00271   0.00367
   0.00000  -0.00000  -0.00271   0.09108   0.00383
  -0.00000   0.00000   0.00367   0.00383   0.19453
   occupation matrix (subspace #          19 , spin            1 )
   0.10678  -0.00074   0.00008   0.00014  -0.00053
  -0.00074   0.08931   0.00003  -0.00003   0.00007
   0.00008   0.00003   0.20856  -0.00188   0.00123
   0.00014  -0.00003  -0.00188   0.09136   0.00264
  -0.00053   0.00007   0.00123   0.00264   0.19653
   occupation matrix (subspace #          20 , spin            1 )
   0.10897   0.00010   0.00022   0.00024  -0.00028
   0.00010   0.08968   0.00013  -0.00002   0.00029
   0.00022   0.00013   0.20642  -0.00027   0.00018
   0.00024  -0.00002  -0.00027   0.09064   0.00013
  -0.00028   0.00029   0.00018   0.00013   0.19695
   occupation matrix (subspace #          21 , spin            1 )
   0.10482   0.00002   0.00000  -0.00000  -0.00000
   0.00002   0.09017  -0.00000  -0.00000   0.00000
   0.00000  -0.00000   0.20839   0.00005   0.00027
  -0.00000  -0.00000   0.00005   0.09058  -0.00005
  -0.00000   0.00000   0.00027  -0.00005   0.19732
   occupation matrix (subspace #          22 , spin            1 )
   0.10523   0.00003   0.00000   0.00000   0.00000
   0.00003   0.09082   0.00000  -0.00000   0.00000
   0.00000   0.00000   0.20825   0.00007  -0.00037
   0.00000  -0.00000   0.00007   0.08986  -0.00001
   0.00000   0.00000  -0.00037  -0.00001   0.19728
   occupation matrix (subspace #          23 , spin            1 )
   0.10678   0.00014   0.00008  -0.00074   0.00053
   0.00014   0.09136  -0.00188  -0.00003  -0.00264
   0.00008  -0.00188   0.20856   0.00003  -0.00123
  -0.00074  -0.00003   0.00003   0.08931  -0.00007
   0.00053  -0.00264  -0.00123  -0.00007   0.19653
   occupation matrix (subspace #          24 , spin            1 )
   0.10576   0.00012   0.00003   0.00002  -0.00018
   0.00012   0.08953   0.00031  -0.00001  -0.00006
   0.00003   0.00031   0.20834   0.00020   0.00074
   0.00002  -0.00001   0.00020   0.09096  -0.00028
  -0.00018  -0.00006   0.00074  -0.00028   0.19704
   occupation matrix (subspace #          25 , spin            1 )
   0.10576   0.00002  -0.00003  -0.00012  -0.00018
   0.00002   0.09096  -0.00020   0.00001  -0.00028
  -0.00003  -0.00020   0.20834   0.00031  -0.00074
  -0.00012   0.00001   0.00031   0.08953   0.00006
  -0.00018  -0.00028  -0.00074   0.00006   0.19704
   occupation matrix (subspace #          26 , spin            1 )
   0.10509  -0.00005  -0.00001   0.00001   0.00003
  -0.00005   0.09004   0.00007   0.00000   0.00002
  -0.00001   0.00007   0.20837  -0.00011   0.00041
   0.00001   0.00000  -0.00011   0.09063   0.00018
   0.00003   0.00002   0.00041   0.00018   0.19721
   occupation matrix (subspace #          27 , spin            1 )
   0.10471  -0.00001  -0.00000   0.00001  -0.00000
  -0.00001   0.09039   0.00003   0.00000   0.00004
  -0.00000   0.00003   0.20838  -0.00003   0.00000
   0.00001   0.00000  -0.00003   0.09039   0.00004
  -0.00000   0.00004   0.00000   0.00004   0.19734
   occupation matrix (subspace #          28 , spin            1 )
   0.10481   0.00000  -0.00000  -0.00000   0.00000
   0.00000   0.09053  -0.00001   0.00000  -0.00000
  -0.00000  -0.00001   0.20836   0.00001  -0.00017
  -0.00000   0.00000   0.00001   0.09022  -0.00001
   0.00000  -0.00000  -0.00017  -0.00001   0.19733
   occupation matrix (subspace #          29 , spin            1 )
   0.10897   0.00024  -0.00022  -0.00010  -0.00028
   0.00024   0.09065   0.00027   0.00002   0.00013
  -0.00022   0.00027   0.20642   0.00013  -0.00018
  -0.00010   0.00002   0.00013   0.08968  -0.00030
  -0.00028   0.00013  -0.00018  -0.00030   0.19695
   occupation matrix (subspace #          30 , spin            1 )
   0.11084   0.00017  -0.00020  -0.00017   0.00000
   0.00017   0.08968   0.00035  -0.00002   0.00036
  -0.00020   0.00035   0.20725  -0.00035   0.00000
  -0.00017  -0.00002  -0.00035   0.08968   0.00036
   0.00000   0.00036   0.00000   0.00036   0.19602
   occupation matrix (subspace #          31 , spin            1 )
   0.10678  -0.00074  -0.00008  -0.00014   0.00053
  -0.00074   0.08931  -0.00003   0.00003  -0.00007
  -0.00008  -0.00003   0.20856  -0.00188   0.00123
  -0.00014   0.00003  -0.00188   0.09136   0.00264
   0.00053  -0.00007   0.00123   0.00264   0.19653
   occupation matrix (subspace #          32 , spin            1 )
   0.10897   0.00010  -0.00022  -0.00024   0.00028
   0.00010   0.08968  -0.00013   0.00002  -0.00029
  -0.00022  -0.00013   0.20642  -0.00027   0.00018
  -0.00024   0.00002  -0.00027   0.09064   0.00013
   0.00028  -0.00029   0.00018   0.00013   0.19695
   occupation matrix (subspace #          33 , spin            1 )
   0.10481   0.00000  -0.00000  -0.00000  -0.00000
   0.00000   0.09022  -0.00001   0.00000  -0.00001
  -0.00000  -0.00001   0.20836   0.00001   0.00017
  -0.00000   0.00000   0.00001   0.09053  -0.00000
  -0.00000  -0.00001   0.00017  -0.00000   0.19733
   occupation matrix (subspace #          34 , spin            1 )
   0.10509  -0.00001  -0.00001   0.00005  -0.00003
  -0.00001   0.09064   0.00011   0.00000   0.00018
  -0.00001   0.00011   0.20837  -0.00007  -0.00041
   0.00005   0.00000  -0.00007   0.09003   0.00002
  -0.00003   0.00018  -0.00041   0.00002   0.19721
   occupation matrix (subspace #          35 , spin            1 )
   0.10678   0.00014  -0.00008   0.00074  -0.00053
   0.00014   0.09136   0.00188   0.00003   0.00265
  -0.00008   0.00188   0.20856   0.00003  -0.00123
   0.00074   0.00003   0.00003   0.08931  -0.00007
  -0.00053   0.00265  -0.00123  -0.00007   0.19653
   occupation matrix (subspace #          36 , spin            1 )
   0.10576   0.00012  -0.00003  -0.00002   0.00018
   0.00012   0.08953  -0.00031   0.00001   0.00006
  -0.00003  -0.00031   0.20834   0.00020   0.00074
  -0.00002   0.00001   0.00020   0.09096  -0.00028
   0.00018   0.00006   0.00074  -0.00028   0.19704
   occupation matrix (subspace #          37 , spin            1 )
   0.10576  -0.00002  -0.00003   0.00012  -0.00018
  -0.00002   0.09096   0.00020   0.00001   0.00028
  -0.00003   0.00020   0.20834  -0.00031  -0.00074
   0.00012   0.00001  -0.00031   0.08953  -0.00006
  -0.00018   0.00028  -0.00074  -0.00006   0.19704
   occupation matrix (subspace #          38 , spin            1 )
   0.10523  -0.00000  -0.00000   0.00003  -0.00000
  -0.00000   0.08986   0.00007  -0.00000   0.00001
  -0.00000   0.00007   0.20825  -0.00000   0.00038
   0.00003  -0.00000  -0.00000   0.09082   0.00000
  -0.00000   0.00001   0.00038   0.00000   0.19728
   occupation matrix (subspace #          39 , spin            1 )
   0.10472   0.00001  -0.00000  -0.00000   0.00000
   0.00001   0.09042  -0.00000  -0.00000  -0.00000
  -0.00000  -0.00000   0.20835   0.00002  -0.00000
  -0.00000  -0.00000   0.00002   0.09038  -0.00002
   0.00000  -0.00000  -0.00000  -0.00002   0.19735
   occupation matrix (subspace #          40 , spin            1 )
   0.10482  -0.00000   0.00000  -0.00000  -0.00000
  -0.00000   0.09057  -0.00000  -0.00000  -0.00000
   0.00000  -0.00000   0.20836   0.00000  -0.00026
  -0.00000  -0.00000   0.00000   0.09020  -0.00000
  -0.00000  -0.00000  -0.00026  -0.00000   0.19731
   occupation matrix (subspace #          41 , spin            1 )
   0.10897  -0.00024  -0.00022   0.00010  -0.00028
  -0.00024   0.09065  -0.00027   0.00002  -0.00013
  -0.00022  -0.00027   0.20642  -0.00013  -0.00018
   0.00010   0.00002  -0.00013   0.08968   0.00030
  -0.00028  -0.00013  -0.00018   0.00030   0.19695
   occupation matrix (subspace #          42 , spin            1 )
   0.11361   0.00000   0.00000  -0.00162   0.00000
   0.00000   0.09108  -0.00271  -0.00000  -0.00383
   0.00000  -0.00271   0.20578   0.00000  -0.00367
  -0.00162  -0.00000   0.00000   0.08916   0.00000
   0.00000  -0.00383  -0.00367   0.00000   0.19453
   occupation matrix (subspace #          43 , spin            1 )
   0.10685   0.00030   0.00000   0.00000  -0.00000
   0.00030   0.09032   0.00000   0.00000   0.00000
   0.00000   0.00000   0.20815   0.00112   0.00078
   0.00000   0.00000   0.00112   0.09034  -0.00188
  -0.00000   0.00000   0.00078  -0.00188   0.19666
   occupation matrix (subspace #          44 , spin            1 )
   0.10989  -0.00000  -0.00000   0.00000   0.00000
  -0.00000   0.09575   0.00000  -0.00000   0.00000
  -0.00000   0.00000   0.20627  -0.00000  -0.00275
   0.00000  -0.00000  -0.00000   0.08393   0.00000
   0.00000   0.00000  -0.00275   0.00000   0.19777
   occupation matrix (subspace #          45 , spin            1 )
   0.10481  -0.00000  -0.00000   0.00000  -0.00000
  -0.00000   0.09022   0.00001   0.00000   0.00001
  -0.00000   0.00001   0.20836  -0.00001   0.00017
   0.00000   0.00000  -0.00001   0.09053   0.00000
  -0.00000   0.00001   0.00017   0.00000   0.19733
   occupation matrix (subspace #          46 , spin            1 )
   0.10512   0.00000   0.00000  -0.00008  -0.00000
   0.00000   0.09062  -0.00015  -0.00000  -0.00021
   0.00000  -0.00015   0.20835  -0.00000  -0.00047
  -0.00008  -0.00000  -0.00000   0.09009  -0.00000
  -0.00000  -0.00021  -0.00047  -0.00000   0.19720
   occupation matrix (subspace #          47 , spin            1 )
   0.10711   0.00006   0.00000   0.00000   0.00000
   0.00006   0.09111   0.00000  -0.00000   0.00000
   0.00000   0.00000   0.20730  -0.00009  -0.00105
   0.00000  -0.00000  -0.00009   0.08907   0.00008
   0.00000   0.00000  -0.00105   0.00008   0.19723
   occupation matrix (subspace #          48 , spin            1 )
   0.10587  -0.00000   0.00000  -0.00000  -0.00000
  -0.00000   0.09019  -0.00000  -0.00000  -0.00000
   0.00000  -0.00000   0.20807  -0.00000   0.00055
  -0.00000  -0.00000  -0.00000   0.09047   0.00000
  -0.00000  -0.00000   0.00055   0.00000   0.19708
   occupation matrix (subspace #          49 , spin            1 )
   0.10582   0.00015  -0.00000   0.00000   0.00000
   0.00015   0.09122   0.00000   0.00000   0.00000
  -0.00000   0.00000   0.20834   0.00010  -0.00076
   0.00000   0.00000   0.00010   0.08922  -0.00013
   0.00000   0.00000  -0.00076  -0.00013   0.19713
   occupation matrix (subspace #          50 , spin            1 )
   0.10524   0.00000   0.00000  -0.00000   0.00000
   0.00000   0.08970  -0.00000   0.00000   0.00000
   0.00000  -0.00000   0.20829  -0.00000   0.00052
  -0.00000   0.00000  -0.00000   0.09093  -0.00000
   0.00000   0.00000   0.00052  -0.00000   0.19730
   occupation matrix (subspace #          51 , spin            1 )
   0.10471   0.00001  -0.00000  -0.00001   0.00000
   0.00001   0.09039  -0.00003   0.00000  -0.00004
  -0.00000  -0.00003   0.20838   0.00003   0.00000
  -0.00001   0.00000   0.00003   0.09039  -0.00004
   0.00000  -0.00004   0.00000  -0.00004   0.19734
   occupation matrix (subspace #          52 , spin            1 )
   0.10481   0.00000  -0.00000   0.00002   0.00000
   0.00000   0.09058   0.00005   0.00000   0.00005
  -0.00000   0.00005   0.20839  -0.00000  -0.00027
   0.00002   0.00000  -0.00000   0.09017   0.00000
   0.00000   0.00005  -0.00027   0.00000   0.19732
   occupation matrix (subspace #          53 , spin            1 )
   0.10894  -0.00257   0.00000  -0.00000   0.00000
  -0.00257   0.08281  -0.00000  -0.00000  -0.00000
   0.00000  -0.00000   0.20707  -0.00300   0.00506
  -0.00000  -0.00000  -0.00300   0.09845   0.00444
   0.00000  -0.00000   0.00506   0.00444   0.19685
   occupation matrix (subspace #          54 , spin            1 )
   0.27935   0.00000   0.00000  -0.00000  -0.00000
   0.00000   0.23010  -0.00000   0.00000  -0.00000
   0.00000  -0.00000   0.36306   0.00000   0.00000
  -0.00000   0.00000   0.00000   0.23010  -0.00000
  -0.00000  -0.00000   0.00000  -0.00000   0.34835
   occupation matrix (subspace #          55 , spin            1 )
   0.10678   0.00074  -0.00008   0.00014   0.00053
   0.00074   0.08931   0.00003   0.00003   0.00007
  -0.00008   0.00003   0.20856   0.00188   0.00123
   0.00014   0.00003   0.00188   0.09136  -0.00265
   0.00053   0.00007   0.00123  -0.00265   0.19653
   occupation matrix (subspace #          56 , spin            1 )
   0.10894   0.00000  -0.00000   0.00257  -0.00000
   0.00000   0.09845   0.00300   0.00000   0.00444
  -0.00000   0.00300   0.20707   0.00000  -0.00506
   0.00257   0.00000   0.00000   0.08281   0.00000
  -0.00000   0.00444  -0.00506   0.00000   0.19685
   occupation matrix (subspace #          57 , spin            1 )
   0.10482  -0.00002  -0.00000  -0.00000   0.00000
  -0.00002   0.09017  -0.00000   0.00000  -0.00000
  -0.00000  -0.00000   0.20839  -0.00005   0.00027
  -0.00000   0.00000  -0.00005   0.09058   0.00005
   0.00000  -0.00000   0.00027   0.00005   0.19732
   occupation matrix (subspace #          58 , spin            1 )
   0.10524   0.00000  -0.00000  -0.00000   0.00000
   0.00000   0.09094  -0.00000  -0.00000  -0.00000
  -0.00000  -0.00000   0.20829  -0.00000  -0.00052
  -0.00000  -0.00000  -0.00000   0.08970  -0.00000
   0.00000  -0.00000  -0.00052  -0.00000   0.19730
   occupation matrix (subspace #          59 , spin            1 )
   0.10678  -0.00014  -0.00008  -0.00074  -0.00053
  -0.00014   0.09136  -0.00188   0.00003  -0.00264
  -0.00008  -0.00188   0.20856  -0.00003  -0.00123
  -0.00074   0.00003  -0.00003   0.08931   0.00007
  -0.00053  -0.00264  -0.00123   0.00007   0.19653
   occupation matrix (subspace #          60 , spin            1 )
   0.10582   0.00000   0.00000  -0.00015   0.00000
   0.00000   0.08922  -0.00010  -0.00000  -0.00013
   0.00000  -0.00010   0.20834  -0.00000   0.00076
  -0.00015  -0.00000  -0.00000   0.09122  -0.00000
   0.00000  -0.00013   0.00076  -0.00000   0.19713
   occupation matrix (subspace #          61 , spin            1 )
   0.10576  -0.00002   0.00003  -0.00012   0.00018
  -0.00002   0.09096  -0.00020  -0.00001  -0.00028
   0.00003  -0.00020   0.20834  -0.00031  -0.00074
  -0.00012  -0.00001  -0.00031   0.08953  -0.00006
   0.00018  -0.00028  -0.00074  -0.00006   0.19704
   occupation matrix (subspace #          62 , spin            1 )
   0.10523   0.00000   0.00000  -0.00003  -0.00000
   0.00000   0.08986  -0.00007   0.00000  -0.00001
   0.00000  -0.00007   0.20825  -0.00000   0.00038
  -0.00003   0.00000  -0.00000   0.09082   0.00000
  -0.00000  -0.00001   0.00038   0.00000   0.19728
   occupation matrix (subspace #          63 , spin            1 )
   0.10471   0.00001   0.00000   0.00001   0.00000
   0.00001   0.09039   0.00003  -0.00000   0.00004
   0.00000   0.00003   0.20838   0.00003   0.00000
   0.00001  -0.00000   0.00003   0.09039  -0.00004
   0.00000   0.00004   0.00000  -0.00004   0.19734
   occupation matrix (subspace #          64 , spin            1 )
   0.10481  -0.00000   0.00000  -0.00002   0.00000
  -0.00000   0.09058  -0.00005   0.00000  -0.00005
   0.00000  -0.00005   0.20839   0.00000  -0.00027
  -0.00002   0.00000   0.00000   0.09017  -0.00000
   0.00000  -0.00005  -0.00027  -0.00000   0.19732
   occupation matrix (subspace #          65 , spin            1 )
   0.10897  -0.00024   0.00022  -0.00010   0.00028
  -0.00024   0.09065   0.00027  -0.00002   0.00013
   0.00022   0.00027   0.20642  -0.00013  -0.00018
  -0.00010  -0.00002  -0.00013   0.08968   0.00030
   0.00028   0.00013  -0.00018   0.00030   0.19695
   occupation matrix (subspace #          66 , spin            1 )
   0.11361   0.00000  -0.00000   0.00162  -0.00000
   0.00000   0.09108   0.00271   0.00000   0.00383
  -0.00000   0.00271   0.20578   0.00000  -0.00367
   0.00162   0.00000   0.00000   0.08916   0.00000
  -0.00000   0.00383  -0.00367   0.00000   0.19453
   occupation matrix (subspace #          67 , spin            1 )
   0.10678   0.00074   0.00008  -0.00014  -0.00053
   0.00074   0.08931  -0.00003  -0.00003  -0.00007
   0.00008  -0.00003   0.20856   0.00188   0.00123
  -0.00014  -0.00003   0.00188   0.09136  -0.00265
  -0.00053  -0.00007   0.00123  -0.00265   0.19653
   occupation matrix (subspace #          68 , spin            1 )
   0.10894   0.00000   0.00000  -0.00257   0.00000
   0.00000   0.09845  -0.00300  -0.00000  -0.00444
   0.00000  -0.00300   0.20707   0.00000  -0.00506
  -0.00257  -0.00000   0.00000   0.08281   0.00000
   0.00000  -0.00444  -0.00506   0.00000   0.19685
   occupation matrix (subspace #          69 , spin            1 )
   0.10481  -0.00000   0.00000  -0.00000   0.00000
  -0.00000   0.09022  -0.00001  -0.00000  -0.00001
   0.00000  -0.00001   0.20836  -0.00001   0.00017
  -0.00000  -0.00000  -0.00001   0.09052   0.00000
   0.00000  -0.00001   0.00017   0.00000   0.19733
   occupation matrix (subspace #          70 , spin            1 )
   0.10512  -0.00000  -0.00000   0.00008  -0.00000
  -0.00000   0.09062   0.00015   0.00000   0.00021
  -0.00000   0.00015   0.20835  -0.00000  -0.00047
   0.00008   0.00000  -0.00000   0.09009   0.00000
  -0.00000   0.00021  -0.00047   0.00000   0.19720
   occupation matrix (subspace #          71 , spin            1 )
   0.10678  -0.00014   0.00008   0.00074   0.00053
  -0.00014   0.09136   0.00188  -0.00003   0.00265
   0.00008   0.00188   0.20856  -0.00003  -0.00123
   0.00074  -0.00003  -0.00003   0.08931   0.00007
   0.00053   0.00265  -0.00123   0.00007   0.19653
   occupation matrix (subspace #          72 , spin            1 )
   0.10582   0.00000  -0.00000   0.00015   0.00000
   0.00000   0.08922   0.00010   0.00000   0.00013
  -0.00000   0.00010   0.20834  -0.00000   0.00076
   0.00015   0.00000  -0.00000   0.09122  -0.00000
   0.00000   0.00013   0.00076  -0.00000   0.19713
   occupation matrix (subspace #          73 , spin            1 )
   0.10591  -0.00000  -0.00000   0.00002   0.00000
  -0.00000   0.09055   0.00010  -0.00000   0.00015
  -0.00000   0.00010   0.20796  -0.00000  -0.00056
   0.00002  -0.00000  -0.00000   0.09008  -0.00000
   0.00000   0.00015  -0.00056  -0.00000   0.19717
   occupation matrix (subspace #          74 , spin            1 )
   0.10509   0.00005  -0.00001  -0.00001   0.00003
   0.00005   0.09004  -0.00007   0.00000  -0.00002
  -0.00001  -0.00007   0.20837   0.00011   0.00041
  -0.00001   0.00000   0.00011   0.09063  -0.00018
   0.00003  -0.00002   0.00041  -0.00018   0.19721
   occupation matrix (subspace #          75 , spin            1 )
   0.10472  -0.00000   0.00000   0.00000   0.00000
  -0.00000   0.09040  -0.00000   0.00000   0.00000
   0.00000  -0.00000   0.20835  -0.00000   0.00000
   0.00000   0.00000  -0.00000   0.09040   0.00000
   0.00000   0.00000   0.00000   0.00000   0.19734
   occupation matrix (subspace #          76 , spin            1 )
   0.10481  -0.00001  -0.00000  -0.00000   0.00000
  -0.00001   0.09054  -0.00000   0.00000  -0.00000
  -0.00000  -0.00000   0.20837  -0.00003  -0.00019
  -0.00000   0.00000  -0.00003   0.09021   0.00001
   0.00000  -0.00000  -0.00019   0.00001   0.19731
   occupation matrix (subspace #          77 , spin            1 )
   0.10930  -0.00000  -0.00000   0.00011  -0.00000
  -0.00000   0.09075  -0.00027  -0.00000  -0.00004
  -0.00000  -0.00027   0.20681  -0.00000   0.00030
   0.00011  -0.00000  -0.00000   0.08944  -0.00000
  -0.00000  -0.00004   0.00030  -0.00000   0.19639
   occupation matrix (subspace #          78 , spin            1 )
   0.11084  -0.00017  -0.00020   0.00017   0.00000
  -0.00017   0.08968  -0.00035  -0.00002  -0.00036
  -0.00020  -0.00035   0.20725   0.00035   0.00000
   0.00017  -0.00002   0.00035   0.08968  -0.00036
   0.00000  -0.00036   0.00000  -0.00036   0.19602
   occupation matrix (subspace #          79 , spin            1 )
   0.10715  -0.00000   0.00000   0.00000  -0.00000
  -0.00000   0.08920   0.00000  -0.00000   0.00000
   0.00000   0.00000   0.20725  -0.00000   0.00049
   0.00000  -0.00000  -0.00000   0.09103  -0.00000
  -0.00000   0.00000   0.00049  -0.00000   0.19721
   occupation matrix (subspace #          80 , spin            1 )
   0.10930  -0.00011  -0.00000   0.00000  -0.00000
  -0.00011   0.08945   0.00000   0.00000   0.00000
  -0.00000   0.00000   0.20681   0.00027  -0.00030
   0.00000   0.00000   0.00027   0.09075  -0.00004
  -0.00000   0.00000  -0.00030  -0.00004   0.19639
   occupation matrix (subspace #          81 , spin            1 )
   0.10481  -0.00000   0.00000   0.00001   0.00000
  -0.00000   0.09021   0.00003  -0.00000   0.00001
   0.00000   0.00003   0.20837  -0.00000   0.00019
   0.00001  -0.00000  -0.00000   0.09054   0.00000
   0.00000   0.00001   0.00019   0.00000   0.19731
   occupation matrix (subspace #          82 , spin            1 )
   0.10509   0.00001  -0.00001  -0.00005  -0.00003
   0.00001   0.09064  -0.00011   0.00000  -0.00018
  -0.00001  -0.00011   0.20837   0.00007  -0.00041
  -0.00005   0.00000   0.00007   0.09003  -0.00002
  -0.00003  -0.00018  -0.00041  -0.00002   0.19721
   occupation matrix (subspace #          83 , spin            1 )
   0.10715  -0.00000  -0.00000   0.00000  -0.00000
  -0.00000   0.09104   0.00000   0.00000   0.00000
  -0.00000   0.00000   0.20725  -0.00000  -0.00049
   0.00000   0.00000  -0.00000   0.08920   0.00000
  -0.00000   0.00000  -0.00049   0.00000   0.19721
   occupation matrix (subspace #          84 , spin            1 )
   0.10591  -0.00002   0.00000   0.00000   0.00000
  -0.00002   0.09008   0.00000   0.00000   0.00000
   0.00000   0.00000   0.20796  -0.00010   0.00056
   0.00000   0.00000  -0.00010   0.09055   0.00015
   0.00000   0.00000   0.00056   0.00015   0.19717
   occupation matrix (subspace #          85 , spin            1 )
   0.10587  -0.00000  -0.00000   0.00000  -0.00000
  -0.00000   0.09047   0.00000   0.00000   0.00000
  -0.00000   0.00000   0.20807  -0.00000  -0.00055
   0.00000   0.00000  -0.00000   0.09019  -0.00000
  -0.00000   0.00000  -0.00055  -0.00000   0.19708
   occupation matrix (subspace #          86 , spin            1 )
   0.10512   0.00008  -0.00000   0.00000  -0.00000
   0.00008   0.09009  -0.00000   0.00000   0.00000
  -0.00000  -0.00000   0.20835   0.00015   0.00047
   0.00000   0.00000   0.00015   0.09062  -0.00021
  -0.00000   0.00000   0.00047  -0.00021   0.19720
   occupation matrix (subspace #          87 , spin            1 )
   0.10472  -0.00000   0.00000  -0.00001  -0.00000
  -0.00000   0.09038  -0.00002  -0.00000  -0.00002
   0.00000  -0.00002   0.20835  -0.00000   0.00000
  -0.00001  -0.00000  -0.00000   0.09041   0.00000
  -0.00000  -0.00002   0.00000   0.00000   0.19735
   occupation matrix (subspace #          88 , spin            1 )
   0.10481  -0.00000  -0.00000   0.00000   0.00000
  -0.00000   0.09053   0.00001   0.00000   0.00000
  -0.00000   0.00001   0.20836  -0.00001  -0.00017
   0.00000   0.00000  -0.00001   0.09022   0.00001
   0.00000   0.00000  -0.00017   0.00001   0.19733
   occupation matrix (subspace #          89 , spin            1 )
   0.10989   0.00000   0.00000  -0.00000   0.00000
   0.00000   0.08394  -0.00000   0.00000  -0.00000
   0.00000  -0.00000   0.20627   0.00000   0.00275
  -0.00000   0.00000   0.00000   0.09574  -0.00000
   0.00000  -0.00000   0.00275  -0.00000   0.19777
   occupation matrix (subspace #          90 , spin            1 )
   0.11361   0.00162  -0.00000   0.00000   0.00000
   0.00162   0.08917   0.00000   0.00000   0.00000
  -0.00000   0.00000   0.20578   0.00271   0.00367
   0.00000   0.00000   0.00271   0.09108  -0.00383
   0.00000   0.00000   0.00367  -0.00383   0.19453
   occupation matrix (subspace #          91 , spin            1 )
   0.10711   0.00000  -0.00000  -0.00006   0.00000
   0.00000   0.08907   0.00009  -0.00000   0.00008
  -0.00000   0.00009   0.20730   0.00000   0.00105
  -0.00006  -0.00000   0.00000   0.09110  -0.00000
   0.00000   0.00008   0.00105  -0.00000   0.19723
   occupation matrix (subspace #          92 , spin            1 )
   0.10897  -0.00010  -0.00022   0.00024   0.00028
  -0.00010   0.08968   0.00013   0.00002   0.00029
  -0.00022   0.00013   0.20642   0.00027   0.00018
   0.00024   0.00002   0.00027   0.09064  -0.00013
   0.00028   0.00029   0.00018  -0.00013   0.19695
   occupation matrix (subspace #          93 , spin            1 )
   0.10482   0.00000  -0.00000  -0.00000  -0.00000
   0.00000   0.09021   0.00000   0.00000   0.00000
  -0.00000   0.00000   0.20836   0.00000   0.00026
  -0.00000   0.00000   0.00000   0.09057   0.00000
  -0.00000   0.00000   0.00026   0.00000   0.19731
   occupation matrix (subspace #          94 , spin            1 )
   0.10523  -0.00003  -0.00000   0.00000  -0.00000
  -0.00003   0.09082   0.00000   0.00000   0.00000
  -0.00000   0.00000   0.20825  -0.00007  -0.00037
   0.00000   0.00000  -0.00007   0.08986   0.00001
  -0.00000   0.00000  -0.00037   0.00001   0.19728
   occupation matrix (subspace #          95 , spin            1 )
   0.10685  -0.00000   0.00000  -0.00030   0.00000
  -0.00000   0.09035  -0.00111   0.00000  -0.00188
   0.00000  -0.00111   0.20815  -0.00000  -0.00078
  -0.00030   0.00000  -0.00000   0.09032  -0.00000
   0.00000  -0.00188  -0.00078  -0.00000   0.19666
   occupation matrix (subspace #          96 , spin            1 )
   0.10576  -0.00012  -0.00003   0.00002   0.00018
  -0.00012   0.08953   0.00031   0.00001  -0.00006
  -0.00003   0.00031   0.20834  -0.00020   0.00074
   0.00002   0.00001  -0.00020   0.09096   0.00028
   0.00018  -0.00006   0.00074   0.00028   0.19704
   occupation matrix (subspace #          97 , spin            1 )
   0.10591  -0.00000   0.00000  -0.00002   0.00000
  -0.00000   0.09055  -0.00010   0.00000  -0.00015
   0.00000  -0.00010   0.20796  -0.00000  -0.00056
  -0.00002   0.00000  -0.00000   0.09008  -0.00000
   0.00000  -0.00015  -0.00056  -0.00000   0.19717
   occupation matrix (subspace #          98 , spin            1 )
   0.10509   0.00005   0.00001   0.00001  -0.00003
   0.00005   0.09004   0.00007  -0.00000   0.00002
   0.00001   0.00007   0.20837   0.00011   0.00041
   0.00001  -0.00000   0.00011   0.09063  -0.00018
  -0.00003   0.00002   0.00041  -0.00018   0.19721
   occupation matrix (subspace #          99 , spin            1 )
   0.10472   0.00000  -0.00000   0.00001  -0.00000
   0.00000   0.09038   0.00002   0.00000   0.00002
  -0.00000   0.00002   0.20835   0.00000   0.00000
   0.00001   0.00000   0.00000   0.09041  -0.00000
  -0.00000   0.00002   0.00000  -0.00000   0.19735
   occupation matrix (subspace #         100 , spin            1 )
   0.10481  -0.00000   0.00000  -0.00000  -0.00000
  -0.00000   0.09053  -0.00001  -0.00000  -0.00000
   0.00000  -0.00001   0.20836  -0.00001  -0.00017
  -0.00000  -0.00000  -0.00001   0.09022   0.00001
  -0.00000  -0.00000  -0.00017   0.00001   0.19733
   occupation matrix (subspace #         101 , spin            1 )
   0.10930  -0.00000   0.00000  -0.00011   0.00000
  -0.00000   0.09075   0.00027   0.00000   0.00004
   0.00000   0.00027   0.20681  -0.00000   0.00030
  -0.00011   0.00000  -0.00000   0.08944  -0.00000
   0.00000   0.00004   0.00030  -0.00000   0.19639
   occupation matrix (subspace #         102 , spin            1 )
   0.11084  -0.00017   0.00020  -0.00017  -0.00000
  -0.00017   0.08968   0.00035   0.00002   0.00036
   0.00020   0.00035   0.20725   0.00035   0.00000
  -0.00017   0.00002   0.00035   0.08968  -0.00036
  -0.00000   0.00036   0.00000  -0.00036   0.19602
   occupation matrix (subspace #         103 , spin            1 )
   0.10711   0.00000   0.00000   0.00006   0.00000
   0.00000   0.08907  -0.00009   0.00000  -0.00008
   0.00000  -0.00009   0.20730   0.00000   0.00105
   0.00006   0.00000   0.00000   0.09110  -0.00000
   0.00000  -0.00008   0.00105  -0.00000   0.19723
   occupation matrix (subspace #         104 , spin            1 )
   0.10897  -0.00010   0.00022  -0.00024  -0.00028
  -0.00010   0.08968  -0.00013  -0.00002  -0.00029
   0.00022  -0.00013   0.20642   0.00027   0.00018
  -0.00024  -0.00002   0.00027   0.09064  -0.00013
  -0.00028  -0.00029   0.00018  -0.00013   0.19695
   occupation matrix (subspace #         105 , spin            1 )
   0.10481   0.00000   0.00000  -0.00001   0.00000
   0.00000   0.09021  -0.00003  -0.00000  -0.00001
   0.00000  -0.00003   0.20837   0.00000   0.00019
  -0.00001  -0.00000   0.00000   0.09054  -0.00000
   0.00000  -0.00001   0.00019  -0.00000   0.19731
   occupation matrix (subspace #         106 , spin            1 )
   0.10509   0.00001   0.00001   0.00005   0.00003
   0.00001   0.09064   0.00011  -0.00000   0.00018
   0.00001   0.00011   0.20837   0.00007  -0.00041
   0.00005  -0.00000   0.00007   0.09003  -0.00002
   0.00003   0.00018  -0.00041  -0.00002   0.19721
   occupation matrix (subspace #         107 , spin            1 )
   0.10685  -0.00000  -0.00000   0.00030  -0.00000
  -0.00000   0.09035   0.00112  -0.00000   0.00188
  -0.00000   0.00112   0.20815  -0.00000  -0.00078
   0.00030  -0.00000  -0.00000   0.09032  -0.00000
  -0.00000   0.00188  -0.00078  -0.00000   0.19666
   occupation matrix (subspace #         108 , spin            1 )
   0.10576  -0.00012   0.00003  -0.00002  -0.00018
  -0.00012   0.08953  -0.00031  -0.00001   0.00006
   0.00003  -0.00031   0.20834  -0.00020   0.00074
  -0.00002  -0.00001  -0.00020   0.09096   0.00028
  -0.00018   0.00006   0.00074   0.00028   0.19704
