   occupation matrix (subspace #           1 , spin            1 )
   0.10205  -0.00008  -0.00003  -0.00004  -0.00021
  -0.00008   0.09059   0.00006   0.00002   0.00004
  -0.00003   0.00006   0.20833  -0.00050   0.00003
  -0.00004   0.00002  -0.00050   0.09101   0.00000
  -0.00021   0.00004   0.00003   0.00000   0.19820
   occupation matrix (subspace #           2 , spin            1 )
   0.10197   0.00004  -0.00000   0.00001   0.00006
   0.00004   0.09079   0.00005   0.00001   0.00002
  -0.00000   0.00005   0.20854   0.00012  -0.00003
   0.00001   0.00001   0.00012   0.09073  -0.00022
   0.00006   0.00002  -0.00003  -0.00022   0.19812
   occupation matrix (subspace #           3 , spin            1 )
   0.10193   0.00000  -0.00000  -0.00000   0.00000
   0.00000   0.09080  -0.00000  -0.00000   0.00000
  -0.00000  -0.00000   0.20858  -0.00003   0.00001
  -0.00000  -0.00000  -0.00003   0.09069   0.00001
   0.00000   0.00000   0.00001   0.00001   0.19811
   occupation matrix (subspace #           4 , spin            1 )
   0.10195   0.00000   0.00000  -0.00000   0.00000
   0.00000   0.09077  -0.00000   0.00000  -0.00000
   0.00000  -0.00000   0.20853  -0.00005   0.00002
  -0.00000   0.00000  -0.00005   0.09073   0.00000
   0.00000  -0.00000   0.00002   0.00000   0.19815
   occupation matrix (subspace #           5 , spin            1 )
   0.10131   0.00029  -0.00011  -0.00015  -0.00067
   0.00029   0.09032   0.00072   0.00004   0.00065
  -0.00011   0.00072   0.21007   0.00098   0.00055
  -0.00015   0.00004   0.00098   0.09101  -0.00117
  -0.00067   0.00065   0.00055  -0.00117   0.19761
   occupation matrix (subspace #           6 , spin            1 )
   0.10345   0.00013  -0.00015   0.00013  -0.00000
   0.00013   0.09089   0.00063   0.00001   0.00037
  -0.00015   0.00063   0.20726   0.00063   0.00000
   0.00013   0.00001   0.00063   0.09089  -0.00037
  -0.00000   0.00037   0.00000  -0.00037   0.19804
   occupation matrix (subspace #           7 , spin            1 )
   0.10225   0.00015   0.00000   0.00000   0.00000
   0.00015   0.08970   0.00000   0.00000  -0.00000
   0.00000   0.00000   0.20796   0.00098  -0.00046
   0.00000   0.00000   0.00098   0.09153  -0.00193
   0.00000  -0.00000  -0.00046  -0.00193   0.19862
   occupation matrix (subspace #           8 , spin            1 )
   0.10132   0.00006  -0.00000   0.00000  -0.00000
   0.00006   0.09175   0.00000  -0.00000  -0.00000
  -0.00000   0.00000   0.20945   0.00074   0.00006
   0.00000  -0.00000   0.00074   0.08917  -0.00043
  -0.00000  -0.00000   0.00006  -0.00043   0.19825
   occupation matrix (subspace #           9 , spin            1 )
   0.10192   0.00001   0.00000   0.00000  -0.00002
   0.00001   0.09076  -0.00001  -0.00000   0.00000
   0.00000  -0.00001   0.20860   0.00005   0.00003
   0.00000  -0.00000   0.00005   0.09074  -0.00007
  -0.00002   0.00000   0.00003  -0.00007   0.19810
   occupation matrix (subspace #          10 , spin            1 )
   0.10197   0.00001  -0.00000   0.00004  -0.00006
   0.00001   0.09073   0.00012   0.00001   0.00022
  -0.00000   0.00012   0.20854   0.00005   0.00003
   0.00004   0.00001   0.00005   0.09078  -0.00002
  -0.00006   0.00022   0.00003  -0.00002   0.19812
   occupation matrix (subspace #          11 , spin            1 )
   0.10154   0.00005  -0.00000  -0.00000  -0.00000
   0.00005   0.09049  -0.00000   0.00000  -0.00000
  -0.00000  -0.00000   0.20969  -0.00034  -0.00032
  -0.00000   0.00000  -0.00034   0.09117   0.00011
  -0.00000  -0.00000  -0.00032   0.00011   0.19728
   occupation matrix (subspace #          12 , spin            1 )
   0.10180   0.00013  -0.00000   0.00000   0.00000
   0.00013   0.09030   0.00000  -0.00000   0.00000
  -0.00000   0.00000   0.20889   0.00013  -0.00002
   0.00000  -0.00000   0.00013   0.09101  -0.00018
   0.00000   0.00000  -0.00002  -0.00018   0.19804
   occupation matrix (subspace #          13 , spin            1 )
   0.10196   0.00014   0.00000   0.00000   0.00000
   0.00014   0.09067   0.00000  -0.00000   0.00000
   0.00000   0.00000   0.20844   0.00014  -0.00009
   0.00000  -0.00000   0.00014   0.09103  -0.00008
   0.00000   0.00000  -0.00009  -0.00008   0.19806
   occupation matrix (subspace #          14 , spin            1 )
   0.10193   0.00001   0.00000  -0.00000  -0.00000
   0.00001   0.09056  -0.00000  -0.00000   0.00000
   0.00000  -0.00000   0.20862   0.00005   0.00005
  -0.00000  -0.00000   0.00005   0.09086  -0.00011
  -0.00000   0.00000   0.00005  -0.00011   0.19814
   occupation matrix (subspace #          15 , spin            1 )
   0.10192   0.00001  -0.00000   0.00001  -0.00000
   0.00001   0.09074   0.00001  -0.00000   0.00001
  -0.00000   0.00001   0.20859   0.00001   0.00000
   0.00001  -0.00000   0.00001   0.09074  -0.00001
  -0.00000   0.00001   0.00000  -0.00001   0.19811
   occupation matrix (subspace #          16 , spin            1 )
   0.10192   0.00000   0.00000   0.00001   0.00002
   0.00000   0.09074   0.00005  -0.00000   0.00007
   0.00000   0.00005   0.20860  -0.00001  -0.00003
   0.00001  -0.00000  -0.00001   0.09075  -0.00000
   0.00002   0.00007  -0.00003  -0.00000   0.19810
   occupation matrix (subspace #          17 , spin            1 )
   0.10446  -0.00046   0.00000  -0.00000  -0.00000
  -0.00046   0.09728  -0.00000  -0.00000   0.00000
   0.00000  -0.00000   0.20628   0.00143  -0.00005
  -0.00000  -0.00000   0.00143   0.08930   0.00191
  -0.00000   0.00000  -0.00005   0.00191   0.19649
   occupation matrix (subspace #          18 , spin            1 )
   0.10661   0.00277   0.00000   0.00000  -0.00000
   0.00277   0.08825   0.00000  -0.00000   0.00000
   0.00000   0.00000   0.21018  -0.00231   0.00040
   0.00000  -0.00000  -0.00231   0.08976   0.00176
  -0.00000   0.00000   0.00040   0.00176   0.19793
   occupation matrix (subspace #          19 , spin            1 )
   0.10230   0.00018  -0.00013  -0.00000   0.00104
   0.00018   0.09010   0.00032   0.00000   0.00031
  -0.00013   0.00032   0.20782   0.00137  -0.00012
  -0.00000   0.00000   0.00137   0.09124  -0.00193
   0.00104   0.00031  -0.00012  -0.00193   0.19876
   occupation matrix (subspace #          20 , spin            1 )
   0.10131  -0.00015  -0.00011   0.00029   0.00067
  -0.00015   0.09101   0.00098   0.00004   0.00117
  -0.00011   0.00098   0.21007   0.00072  -0.00055
   0.00029   0.00004   0.00072   0.09032  -0.00065
   0.00067   0.00117  -0.00055  -0.00065   0.19761
   occupation matrix (subspace #          21 , spin            1 )
   0.10192  -0.00000  -0.00000  -0.00000   0.00000
  -0.00000   0.09078  -0.00000   0.00000  -0.00000
  -0.00000  -0.00000   0.20859   0.00001  -0.00004
  -0.00000   0.00000   0.00001   0.09070  -0.00002
   0.00000  -0.00000  -0.00004  -0.00002   0.19811
   occupation matrix (subspace #          22 , spin            1 )
   0.10189  -0.00004  -0.00000  -0.00000  -0.00000
  -0.00004   0.09070  -0.00000  -0.00000  -0.00000
  -0.00000  -0.00000   0.20856  -0.00010   0.00000
  -0.00000  -0.00000  -0.00010   0.09078   0.00002
  -0.00000  -0.00000   0.00000   0.00002   0.19812
   occupation matrix (subspace #          23 , spin            1 )
   0.10230  -0.00000  -0.00013   0.00018  -0.00104
  -0.00000   0.09124   0.00137   0.00000   0.00193
  -0.00013   0.00137   0.20782   0.00032   0.00012
   0.00018   0.00000   0.00032   0.09010  -0.00031
  -0.00104   0.00193   0.00012  -0.00031   0.19876
   occupation matrix (subspace #          24 , spin            1 )
   0.10205  -0.00004  -0.00003  -0.00008   0.00021
  -0.00004   0.09101  -0.00050   0.00002  -0.00000
  -0.00003  -0.00050   0.20833   0.00006  -0.00003
  -0.00008   0.00002   0.00006   0.09058  -0.00004
   0.00021  -0.00000  -0.00003  -0.00004   0.19820
   occupation matrix (subspace #          25 , spin            1 )
   0.10205  -0.00008   0.00003   0.00004   0.00021
  -0.00008   0.09059  -0.00006  -0.00002  -0.00004
   0.00003  -0.00006   0.20833  -0.00050   0.00003
   0.00004  -0.00002  -0.00050   0.09101   0.00000
   0.00021  -0.00004   0.00003   0.00000   0.19820
   occupation matrix (subspace #          26 , spin            1 )
   0.10197   0.00004   0.00000  -0.00001  -0.00006
   0.00004   0.09079  -0.00005  -0.00001  -0.00002
   0.00000  -0.00005   0.20854   0.00012  -0.00003
  -0.00001  -0.00001   0.00012   0.09073  -0.00022
  -0.00006  -0.00002  -0.00003  -0.00022   0.19812
   occupation matrix (subspace #          27 , spin            1 )
   0.10192   0.00001   0.00000  -0.00001   0.00000
   0.00001   0.09075  -0.00001   0.00000  -0.00001
   0.00000  -0.00001   0.20859   0.00001   0.00000
  -0.00001   0.00000   0.00001   0.09074  -0.00001
   0.00000  -0.00001   0.00000  -0.00001   0.19811
   occupation matrix (subspace #          28 , spin            1 )
   0.10192   0.00000  -0.00000  -0.00001  -0.00002
   0.00000   0.09074  -0.00005   0.00000  -0.00007
  -0.00000  -0.00005   0.20860  -0.00001  -0.00003
  -0.00001   0.00000  -0.00001   0.09075  -0.00000
  -0.00002  -0.00007  -0.00003  -0.00000   0.19810
   occupation matrix (subspace #          29 , spin            1 )
   0.10131   0.00029   0.00011   0.00015   0.00067
   0.00029   0.09032  -0.00072  -0.00004  -0.00065
   0.00011  -0.00072   0.21007   0.00098   0.00055
   0.00015  -0.00004   0.00098   0.09101  -0.00117
   0.00067  -0.00065   0.00055  -0.00117   0.19761
   occupation matrix (subspace #          30 , spin            1 )
   0.10345   0.00013   0.00015  -0.00013   0.00000
   0.00013   0.09089  -0.00063  -0.00001  -0.00037
   0.00015  -0.00063   0.20726   0.00063   0.00000
  -0.00013  -0.00001   0.00063   0.09089  -0.00037
   0.00000  -0.00037   0.00000  -0.00037   0.19804
   occupation matrix (subspace #          31 , spin            1 )
   0.10230   0.00018   0.00013   0.00000  -0.00104
   0.00018   0.09010  -0.00032  -0.00000  -0.00031
   0.00013  -0.00032   0.20782   0.00137  -0.00012
   0.00000  -0.00000   0.00137   0.09124  -0.00193
  -0.00104  -0.00031  -0.00012  -0.00193   0.19876
   occupation matrix (subspace #          32 , spin            1 )
   0.10131  -0.00015   0.00011  -0.00029  -0.00067
  -0.00015   0.09101  -0.00098  -0.00004  -0.00117
   0.00011  -0.00098   0.21007   0.00072  -0.00055
  -0.00029  -0.00004   0.00072   0.09032  -0.00065
  -0.00067  -0.00117  -0.00055  -0.00065   0.19761
   occupation matrix (subspace #          33 , spin            1 )
   0.10192   0.00001  -0.00000  -0.00000   0.00002
   0.00001   0.09076   0.00001   0.00000  -0.00000
  -0.00000   0.00001   0.20860   0.00005   0.00003
  -0.00000   0.00000   0.00005   0.09074  -0.00007
   0.00002  -0.00000   0.00003  -0.00007   0.19810
   occupation matrix (subspace #          34 , spin            1 )
   0.10197   0.00001   0.00000  -0.00004   0.00006
   0.00001   0.09073  -0.00012  -0.00001  -0.00022
   0.00000  -0.00012   0.20854   0.00005   0.00003
  -0.00004  -0.00001   0.00005   0.09078  -0.00002
   0.00006  -0.00022   0.00003  -0.00002   0.19812
   occupation matrix (subspace #          35 , spin            1 )
   0.10230  -0.00000   0.00013  -0.00018   0.00104
  -0.00000   0.09124  -0.00137  -0.00000  -0.00193
   0.00013  -0.00137   0.20782   0.00032   0.00012
  -0.00018  -0.00000   0.00032   0.09010  -0.00031
   0.00104  -0.00193   0.00012  -0.00031   0.19876
   occupation matrix (subspace #          36 , spin            1 )
   0.10205  -0.00004   0.00003   0.00008  -0.00021
  -0.00004   0.09101   0.00050  -0.00002   0.00000
   0.00003   0.00050   0.20833   0.00006  -0.00003
   0.00008  -0.00002   0.00006   0.09058  -0.00004
  -0.00021   0.00000  -0.00003  -0.00004   0.19820
   occupation matrix (subspace #          37 , spin            1 )
   0.10205   0.00008   0.00003  -0.00004   0.00021
   0.00008   0.09059   0.00006  -0.00002   0.00004
   0.00003   0.00006   0.20833   0.00050   0.00003
  -0.00004  -0.00002   0.00050   0.09101  -0.00000
   0.00021   0.00004   0.00003  -0.00000   0.19820
   occupation matrix (subspace #          38 , spin            1 )
   0.10189  -0.00000   0.00000  -0.00004  -0.00000
  -0.00000   0.09079  -0.00010   0.00000  -0.00002
   0.00000  -0.00010   0.20856  -0.00000  -0.00000
  -0.00004   0.00000  -0.00000   0.09070   0.00000
  -0.00000  -0.00002  -0.00000   0.00000   0.19812
   occupation matrix (subspace #          39 , spin            1 )
   0.10193  -0.00000   0.00000   0.00000  -0.00000
  -0.00000   0.09080  -0.00000   0.00000   0.00000
   0.00000  -0.00000   0.20858   0.00003   0.00001
   0.00000   0.00000   0.00003   0.09069  -0.00001
  -0.00000   0.00000   0.00001  -0.00001   0.19812
   occupation matrix (subspace #          40 , spin            1 )
   0.10193   0.00000  -0.00000   0.00000  -0.00000
   0.00000   0.09075  -0.00000  -0.00000   0.00000
  -0.00000  -0.00000   0.20858  -0.00000   0.00002
   0.00000  -0.00000  -0.00000   0.09071   0.00000
  -0.00000   0.00000   0.00002   0.00000   0.19813
   occupation matrix (subspace #          41 , spin            1 )
   0.10131  -0.00029   0.00011  -0.00015   0.00067
  -0.00029   0.09032   0.00072  -0.00004   0.00065
   0.00011   0.00072   0.21007  -0.00098   0.00055
  -0.00015  -0.00004  -0.00098   0.09101   0.00117
   0.00067   0.00065   0.00055   0.00117   0.19761
   occupation matrix (subspace #          42 , spin            1 )
   0.10661   0.00000  -0.00000   0.00277  -0.00000
   0.00000   0.08976  -0.00231   0.00000  -0.00176
  -0.00000  -0.00231   0.21017   0.00000  -0.00040
   0.00277   0.00000   0.00000   0.08825   0.00000
  -0.00000  -0.00176  -0.00040   0.00000   0.19793
   occupation matrix (subspace #          43 , spin            1 )
   0.10225  -0.00015  -0.00000   0.00000  -0.00000
  -0.00015   0.08970   0.00000  -0.00000  -0.00000
  -0.00000   0.00000   0.20796  -0.00098  -0.00046
   0.00000  -0.00000  -0.00098   0.09153   0.00193
  -0.00000  -0.00000  -0.00046   0.00193   0.19862
   occupation matrix (subspace #          44 , spin            1 )
   0.10093   0.00000  -0.00000   0.00000   0.00000
   0.00000   0.08470   0.00000   0.00000  -0.00000
  -0.00000   0.00000   0.21120   0.00000  -0.00130
   0.00000   0.00000   0.00000   0.10021  -0.00000
   0.00000  -0.00000  -0.00130  -0.00000   0.19389
   occupation matrix (subspace #          45 , spin            1 )
   0.10192  -0.00001  -0.00000   0.00000   0.00002
  -0.00001   0.09076  -0.00001   0.00000   0.00000
  -0.00000  -0.00001   0.20860  -0.00005   0.00003
   0.00000   0.00000  -0.00005   0.09074   0.00007
   0.00002   0.00000   0.00003   0.00007   0.19810
   occupation matrix (subspace #          46 , spin            1 )
   0.10193   0.00000  -0.00000   0.00001  -0.00000
   0.00000   0.09086   0.00005  -0.00000   0.00011
  -0.00000   0.00005   0.20862  -0.00000  -0.00005
   0.00001  -0.00000  -0.00000   0.09056   0.00000
  -0.00000   0.00011  -0.00005   0.00000   0.19814
   occupation matrix (subspace #          47 , spin            1 )
   0.10154  -0.00005   0.00000  -0.00000   0.00000
  -0.00005   0.09049  -0.00000  -0.00000  -0.00000
   0.00000  -0.00000   0.20969   0.00034  -0.00032
  -0.00000  -0.00000   0.00034   0.09117  -0.00011
   0.00000  -0.00000  -0.00032  -0.00011   0.19728
   occupation matrix (subspace #          48 , spin            1 )
   0.10192   0.00000  -0.00000   0.00000  -0.00000
   0.00000   0.09020   0.00000   0.00000   0.00000
  -0.00000   0.00000   0.20867   0.00000  -0.00008
   0.00000   0.00000   0.00000   0.09112  -0.00000
  -0.00000   0.00000  -0.00008  -0.00000   0.19820
   occupation matrix (subspace #          49 , spin            1 )
   0.10196  -0.00014  -0.00000   0.00000  -0.00000
  -0.00014   0.09067   0.00000   0.00000   0.00000
  -0.00000   0.00000   0.20844  -0.00014  -0.00009
   0.00000   0.00000  -0.00014   0.09103   0.00008
  -0.00000   0.00000  -0.00009   0.00008   0.19806
   occupation matrix (subspace #          50 , spin            1 )
   0.10185  -0.00000  -0.00000  -0.00000   0.00000
  -0.00000   0.09088  -0.00000  -0.00000   0.00000
  -0.00000  -0.00000   0.20865  -0.00000  -0.00000
  -0.00000  -0.00000  -0.00000   0.09064   0.00000
   0.00000   0.00000  -0.00000   0.00000   0.19807
   occupation matrix (subspace #          51 , spin            1 )
   0.10192  -0.00001   0.00000   0.00001   0.00000
  -0.00001   0.09075   0.00001   0.00000   0.00001
   0.00000   0.00001   0.20859  -0.00001   0.00000
   0.00001   0.00000  -0.00001   0.09074   0.00001
   0.00000   0.00001   0.00000   0.00001   0.19811
   occupation matrix (subspace #          52 , spin            1 )
   0.10192   0.00000   0.00000  -0.00000  -0.00000
   0.00000   0.09071   0.00001  -0.00000   0.00002
   0.00000   0.00001   0.20859  -0.00000   0.00004
  -0.00000  -0.00000  -0.00000   0.09078  -0.00000
  -0.00000   0.00002   0.00004  -0.00000   0.19811
   occupation matrix (subspace #          53 , spin            1 )
   0.10446   0.00046  -0.00000  -0.00000   0.00000
   0.00046   0.09728  -0.00000   0.00000   0.00000
  -0.00000  -0.00000   0.20628  -0.00143  -0.00005
  -0.00000   0.00000  -0.00143   0.08930  -0.00191
   0.00000   0.00000  -0.00005  -0.00191   0.19649
   occupation matrix (subspace #          54 , spin            1 )
   1.88296  -0.00000  -0.00000   0.00000   0.00000
  -0.00000   1.86267   0.00000   0.00000   0.00000
  -0.00000   0.00000   0.66827  -0.00000  -0.00001
   0.00000   0.00000  -0.00000   1.86257   0.00000
   0.00000   0.00000  -0.00001   0.00000   0.62648
   occupation matrix (subspace #          55 , spin            1 )
   0.10230  -0.00018   0.00013  -0.00000  -0.00104
  -0.00018   0.09010   0.00032  -0.00000   0.00031
   0.00013   0.00032   0.20782  -0.00137  -0.00012
  -0.00000  -0.00000  -0.00137   0.09124   0.00193
  -0.00104   0.00031  -0.00012   0.00193   0.19876
   occupation matrix (subspace #          56 , spin            1 )
   0.10446   0.00000   0.00000  -0.00046   0.00000
   0.00000   0.08930   0.00144  -0.00000  -0.00191
   0.00000   0.00144   0.20628   0.00000   0.00005
  -0.00046  -0.00000   0.00000   0.09728  -0.00000
   0.00000  -0.00191   0.00005  -0.00000   0.19649
   occupation matrix (subspace #          57 , spin            1 )
   0.10192   0.00000   0.00000  -0.00000   0.00000
   0.00000   0.09078  -0.00000  -0.00000   0.00000
   0.00000  -0.00000   0.20859  -0.00001  -0.00004
  -0.00000  -0.00000  -0.00001   0.09070   0.00002
   0.00000   0.00000  -0.00004   0.00002   0.19811
   occupation matrix (subspace #          58 , spin            1 )
   0.10185   0.00000   0.00000   0.00000   0.00000
   0.00000   0.09064  -0.00000   0.00000  -0.00000
   0.00000  -0.00000   0.20865  -0.00000   0.00000
   0.00000   0.00000  -0.00000   0.09087   0.00000
   0.00000  -0.00000   0.00000   0.00000   0.19807
   occupation matrix (subspace #          59 , spin            1 )
   0.10230   0.00000   0.00013   0.00018   0.00104
   0.00000   0.09124   0.00137  -0.00000   0.00193
   0.00013   0.00137   0.20782  -0.00032   0.00012
   0.00018  -0.00000  -0.00032   0.09010   0.00031
   0.00104   0.00193   0.00012   0.00031   0.19876
   occupation matrix (subspace #          60 , spin            1 )
   0.10196  -0.00000  -0.00000   0.00014  -0.00000
  -0.00000   0.09103   0.00014  -0.00000   0.00008
  -0.00000   0.00014   0.20844  -0.00000   0.00009
   0.00014  -0.00000  -0.00000   0.09066   0.00000
  -0.00000   0.00008   0.00009   0.00000   0.19806
   occupation matrix (subspace #          61 , spin            1 )
   0.10205   0.00008  -0.00003   0.00004  -0.00021
   0.00008   0.09059  -0.00006   0.00002  -0.00004
  -0.00003  -0.00006   0.20833   0.00050   0.00003
   0.00004   0.00002   0.00050   0.09101  -0.00000
  -0.00021  -0.00004   0.00003  -0.00000   0.19820
   occupation matrix (subspace #          62 , spin            1 )
   0.10189  -0.00000  -0.00000   0.00004   0.00000
  -0.00000   0.09079   0.00010  -0.00000   0.00002
  -0.00000   0.00010   0.20856  -0.00000  -0.00000
   0.00004  -0.00000  -0.00000   0.09070   0.00000
   0.00000   0.00002  -0.00000   0.00000   0.19812
   occupation matrix (subspace #          63 , spin            1 )
   0.10192  -0.00001  -0.00000  -0.00001  -0.00000
  -0.00001   0.09074  -0.00001  -0.00000  -0.00001
  -0.00000  -0.00001   0.20859  -0.00001   0.00000
  -0.00001  -0.00000  -0.00001   0.09074   0.00001
  -0.00000  -0.00001   0.00000   0.00001   0.19811
   occupation matrix (subspace #          64 , spin            1 )
   0.10192   0.00000   0.00000   0.00000   0.00000
   0.00000   0.09071  -0.00001   0.00000  -0.00002
   0.00000  -0.00001   0.20859  -0.00000   0.00004
   0.00000   0.00000  -0.00000   0.09078   0.00000
   0.00000  -0.00002   0.00004   0.00000   0.19811
   occupation matrix (subspace #          65 , spin            1 )
   0.10131  -0.00029  -0.00011   0.00015  -0.00067
  -0.00029   0.09032  -0.00072   0.00004  -0.00065
  -0.00011  -0.00072   0.21007  -0.00098   0.00055
   0.00015   0.00004  -0.00098   0.09101   0.00117
  -0.00067  -0.00065   0.00055   0.00117   0.19761
   occupation matrix (subspace #          66 , spin            1 )
   0.10661  -0.00000   0.00000  -0.00277   0.00000
  -0.00000   0.08976   0.00231  -0.00000   0.00176
   0.00000   0.00231   0.21017  -0.00000  -0.00040
  -0.00277  -0.00000  -0.00000   0.08825   0.00000
   0.00000   0.00176  -0.00040   0.00000   0.19793
   occupation matrix (subspace #          67 , spin            1 )
   0.10230  -0.00018  -0.00013   0.00000   0.00104
  -0.00018   0.09010  -0.00032   0.00000  -0.00031
  -0.00013  -0.00032   0.20782  -0.00137  -0.00012
   0.00000   0.00000  -0.00137   0.09124   0.00193
   0.00104  -0.00031  -0.00012   0.00193   0.19876
   occupation matrix (subspace #          68 , spin            1 )
   0.10446   0.00000   0.00000   0.00046  -0.00000
   0.00000   0.08930  -0.00144  -0.00000   0.00191
   0.00000  -0.00144   0.20628   0.00000   0.00005
   0.00046  -0.00000   0.00000   0.09728   0.00000
  -0.00000   0.00191   0.00005   0.00000   0.19649
   occupation matrix (subspace #          69 , spin            1 )
   0.10192  -0.00001   0.00000  -0.00000  -0.00002
  -0.00001   0.09076   0.00001  -0.00000  -0.00000
   0.00000   0.00001   0.20860  -0.00005   0.00003
  -0.00000  -0.00000  -0.00005   0.09074   0.00007
  -0.00002  -0.00000   0.00003   0.00007   0.19810
   occupation matrix (subspace #          70 , spin            1 )
   0.10193  -0.00000  -0.00000  -0.00001  -0.00000
  -0.00000   0.09086  -0.00005  -0.00000  -0.00011
  -0.00000  -0.00005   0.20862  -0.00000  -0.00005
  -0.00001  -0.00000  -0.00000   0.09056   0.00000
  -0.00000  -0.00011  -0.00005   0.00000   0.19814
   occupation matrix (subspace #          71 , spin            1 )
   0.10230   0.00000  -0.00013  -0.00018  -0.00104
   0.00000   0.09124  -0.00137   0.00000  -0.00193
  -0.00013  -0.00137   0.20782  -0.00032   0.00012
  -0.00018   0.00000  -0.00032   0.09010   0.00031
  -0.00104  -0.00193   0.00012   0.00031   0.19876
   occupation matrix (subspace #          72 , spin            1 )
   0.10196  -0.00000   0.00000  -0.00014   0.00000
  -0.00000   0.09103  -0.00014  -0.00000  -0.00008
   0.00000  -0.00014   0.20844   0.00000   0.00009
  -0.00014  -0.00000   0.00000   0.09066  -0.00000
   0.00000  -0.00008   0.00009  -0.00000   0.19806
   occupation matrix (subspace #          73 , spin            1 )
   0.10180  -0.00000  -0.00000   0.00013   0.00000
  -0.00000   0.09101   0.00013   0.00000   0.00018
  -0.00000   0.00013   0.20889  -0.00000   0.00003
   0.00013   0.00000  -0.00000   0.09029  -0.00000
   0.00000   0.00018   0.00003  -0.00000   0.19804
   occupation matrix (subspace #          74 , spin            1 )
   0.10197  -0.00004   0.00000   0.00001  -0.00006
  -0.00004   0.09079   0.00005  -0.00001   0.00002
   0.00000   0.00005   0.20854  -0.00012  -0.00003
   0.00001  -0.00001  -0.00012   0.09073   0.00022
  -0.00006   0.00002  -0.00003   0.00022   0.19812
   occupation matrix (subspace #          75 , spin            1 )
   0.10196  -0.00000   0.00000  -0.00000  -0.00000
  -0.00000   0.09075  -0.00000   0.00000  -0.00000
   0.00000  -0.00000   0.20850   0.00000   0.00000
  -0.00000   0.00000   0.00000   0.09075  -0.00000
  -0.00000  -0.00000   0.00000  -0.00000   0.19816
   occupation matrix (subspace #          76 , spin            1 )
   0.10195  -0.00000  -0.00000   0.00000   0.00000
  -0.00000   0.09077  -0.00000  -0.00000   0.00000
  -0.00000  -0.00000   0.20853   0.00005   0.00002
   0.00000  -0.00000   0.00005   0.09073  -0.00000
   0.00000   0.00000   0.00002  -0.00000   0.19815
   occupation matrix (subspace #          77 , spin            1 )
   0.10132   0.00000  -0.00000   0.00006  -0.00000
   0.00000   0.08917   0.00074   0.00000   0.00043
  -0.00000   0.00074   0.20945   0.00000  -0.00006
   0.00006   0.00000   0.00000   0.09175  -0.00000
  -0.00000   0.00043  -0.00006  -0.00000   0.19825
   occupation matrix (subspace #          78 , spin            1 )
   0.10345  -0.00013   0.00015   0.00013   0.00000
  -0.00013   0.09089   0.00063  -0.00001   0.00037
   0.00015   0.00063   0.20726  -0.00063   0.00000
   0.00013  -0.00001  -0.00063   0.09089   0.00037
   0.00000   0.00037   0.00000   0.00037   0.19804
   occupation matrix (subspace #          79 , spin            1 )
   0.10167  -0.00000   0.00000  -0.00000  -0.00000
  -0.00000   0.09210   0.00000   0.00000  -0.00000
   0.00000   0.00000   0.20928  -0.00000   0.00025
  -0.00000   0.00000  -0.00000   0.08971   0.00000
  -0.00000  -0.00000   0.00025   0.00000   0.19752
   occupation matrix (subspace #          80 , spin            1 )
   0.10132  -0.00006   0.00000   0.00000   0.00000
  -0.00006   0.09175   0.00000   0.00000  -0.00000
   0.00000   0.00000   0.20945  -0.00074   0.00006
   0.00000   0.00000  -0.00074   0.08917   0.00043
   0.00000  -0.00000   0.00006   0.00043   0.19825
   occupation matrix (subspace #          81 , spin            1 )
   0.10195   0.00000  -0.00000   0.00000   0.00000
   0.00000   0.09073  -0.00005  -0.00000  -0.00000
  -0.00000  -0.00005   0.20853   0.00000  -0.00002
   0.00000  -0.00000   0.00000   0.09076  -0.00000
   0.00000  -0.00000  -0.00002  -0.00000   0.19815
   occupation matrix (subspace #          82 , spin            1 )
   0.10197  -0.00001   0.00000   0.00004   0.00006
  -0.00001   0.09073   0.00012  -0.00001   0.00022
   0.00000   0.00012   0.20854  -0.00005   0.00003
   0.00004  -0.00001  -0.00005   0.09078   0.00002
   0.00006   0.00022   0.00003   0.00002   0.19812
   occupation matrix (subspace #          83 , spin            1 )
   0.10167  -0.00000  -0.00000  -0.00000  -0.00000
  -0.00000   0.08971  -0.00000  -0.00000  -0.00000
  -0.00000  -0.00000   0.20928  -0.00000  -0.00025
  -0.00000  -0.00000  -0.00000   0.09210  -0.00000
  -0.00000  -0.00000  -0.00025  -0.00000   0.19752
   occupation matrix (subspace #          84 , spin            1 )
   0.10180  -0.00013   0.00000   0.00000  -0.00000
  -0.00013   0.09030  -0.00000   0.00000   0.00000
   0.00000  -0.00000   0.20889  -0.00013  -0.00002
   0.00000   0.00000  -0.00013   0.09101   0.00018
  -0.00000   0.00000  -0.00002   0.00018   0.19804
   occupation matrix (subspace #          85 , spin            1 )
   0.10192  -0.00000   0.00000  -0.00000  -0.00000
  -0.00000   0.09112   0.00000  -0.00000   0.00000
   0.00000   0.00000   0.20867  -0.00000   0.00008
  -0.00000  -0.00000  -0.00000   0.09019  -0.00000
  -0.00000   0.00000   0.00008  -0.00000   0.19820
   occupation matrix (subspace #          86 , spin            1 )
   0.10193  -0.00001  -0.00000  -0.00000  -0.00000
  -0.00001   0.09056  -0.00000   0.00000   0.00000
  -0.00000  -0.00000   0.20862  -0.00005   0.00005
  -0.00000   0.00000  -0.00005   0.09086   0.00011
  -0.00000   0.00000   0.00005   0.00011   0.19814
   occupation matrix (subspace #          87 , spin            1 )
   0.10193   0.00000   0.00000   0.00000   0.00000
   0.00000   0.09069  -0.00003  -0.00000  -0.00001
   0.00000  -0.00003   0.20858   0.00000  -0.00001
   0.00000  -0.00000   0.00000   0.09080  -0.00000
   0.00000  -0.00001  -0.00001  -0.00000   0.19812
   occupation matrix (subspace #          88 , spin            1 )
   0.10192  -0.00000  -0.00000   0.00001  -0.00002
  -0.00000   0.09074   0.00005   0.00000   0.00007
  -0.00000   0.00005   0.20860   0.00001  -0.00003
   0.00001   0.00000   0.00001   0.09075   0.00000
  -0.00002   0.00007  -0.00003   0.00000   0.19810
   occupation matrix (subspace #          89 , spin            1 )
   0.10093   0.00000   0.00000   0.00000   0.00000
   0.00000   0.10021  -0.00000  -0.00000   0.00000
   0.00000  -0.00000   0.21120   0.00000   0.00130
   0.00000  -0.00000   0.00000   0.08470  -0.00000
   0.00000   0.00000   0.00130  -0.00000   0.19389
   occupation matrix (subspace #          90 , spin            1 )
   0.10661  -0.00277  -0.00000   0.00000   0.00000
  -0.00277   0.08825   0.00000   0.00000   0.00000
  -0.00000   0.00000   0.21018   0.00231   0.00040
   0.00000   0.00000   0.00231   0.08976  -0.00176
   0.00000   0.00000   0.00040  -0.00176   0.19793
   occupation matrix (subspace #          91 , spin            1 )
   0.10154  -0.00000  -0.00000   0.00005  -0.00000
  -0.00000   0.09117  -0.00034  -0.00000  -0.00011
  -0.00000  -0.00034   0.20968  -0.00000   0.00032
   0.00005  -0.00000  -0.00000   0.09049  -0.00000
  -0.00000  -0.00011   0.00032  -0.00000   0.19728
   occupation matrix (subspace #          92 , spin            1 )
   0.10131   0.00015   0.00011   0.00029  -0.00067
   0.00015   0.09101   0.00098  -0.00004   0.00117
   0.00011   0.00098   0.21007  -0.00072  -0.00055
   0.00029  -0.00004  -0.00072   0.09032   0.00065
  -0.00067   0.00117  -0.00055   0.00065   0.19761
   occupation matrix (subspace #          93 , spin            1 )
   0.10193   0.00000   0.00000  -0.00000  -0.00000
   0.00000   0.09071  -0.00000   0.00000  -0.00000
   0.00000  -0.00000   0.20858   0.00000  -0.00002
  -0.00000   0.00000   0.00000   0.09075  -0.00000
  -0.00000  -0.00000  -0.00002  -0.00000   0.19813
   occupation matrix (subspace #          94 , spin            1 )
   0.10189   0.00004   0.00000  -0.00000   0.00000
   0.00004   0.09070  -0.00000  -0.00000  -0.00000
   0.00000  -0.00000   0.20856   0.00010   0.00000
  -0.00000  -0.00000   0.00010   0.09078  -0.00002
   0.00000  -0.00000   0.00000  -0.00002   0.19812
   occupation matrix (subspace #          95 , spin            1 )
   0.10225   0.00000   0.00000   0.00015   0.00000
   0.00000   0.09153   0.00098  -0.00000   0.00193
   0.00000   0.00098   0.20796   0.00000   0.00046
   0.00015  -0.00000   0.00000   0.08969  -0.00000
   0.00000   0.00193   0.00046  -0.00000   0.19862
   occupation matrix (subspace #          96 , spin            1 )
   0.10205   0.00004   0.00003  -0.00008  -0.00021
   0.00004   0.09101  -0.00050  -0.00002  -0.00000
   0.00003  -0.00050   0.20833  -0.00006  -0.00003
  -0.00008  -0.00002  -0.00006   0.09058   0.00004
  -0.00021  -0.00000  -0.00003   0.00004   0.19820
   occupation matrix (subspace #          97 , spin            1 )
   0.10180   0.00000  -0.00000  -0.00013  -0.00000
   0.00000   0.09101  -0.00013   0.00000  -0.00018
  -0.00000  -0.00013   0.20889   0.00000   0.00003
  -0.00013   0.00000   0.00000   0.09029  -0.00000
  -0.00000  -0.00018   0.00003  -0.00000   0.19804
   occupation matrix (subspace #          98 , spin            1 )
   0.10197  -0.00004  -0.00000  -0.00001   0.00006
  -0.00004   0.09079  -0.00005   0.00001  -0.00002
  -0.00000  -0.00005   0.20854  -0.00012  -0.00003
  -0.00001   0.00001  -0.00012   0.09073   0.00022
   0.00006  -0.00002  -0.00003   0.00022   0.19812
   occupation matrix (subspace #          99 , spin            1 )
   0.10193  -0.00000   0.00000  -0.00000   0.00000
  -0.00000   0.09069   0.00003   0.00000   0.00001
   0.00000   0.00003   0.20858   0.00000  -0.00001
  -0.00000   0.00000   0.00000   0.09080  -0.00000
   0.00000   0.00001  -0.00001  -0.00000   0.19812
   occupation matrix (subspace #         100 , spin            1 )
   0.10192  -0.00000   0.00000  -0.00001   0.00002
  -0.00000   0.09074  -0.00005  -0.00000  -0.00007
   0.00000  -0.00005   0.20860   0.00001  -0.00003
  -0.00001  -0.00000   0.00001   0.09075   0.00000
   0.00002  -0.00007  -0.00003   0.00000   0.19810
   occupation matrix (subspace #         101 , spin            1 )
   0.10132   0.00000   0.00000  -0.00006  -0.00000
   0.00000   0.08917  -0.00074   0.00000  -0.00043
   0.00000  -0.00074   0.20945   0.00000  -0.00006
  -0.00006   0.00000   0.00000   0.09175  -0.00000
  -0.00000  -0.00043  -0.00006  -0.00000   0.19825
   occupation matrix (subspace #         102 , spin            1 )
   0.10345  -0.00013  -0.00015  -0.00013  -0.00000
  -0.00013   0.09089  -0.00063   0.00001  -0.00037
  -0.00015  -0.00063   0.20726  -0.00063   0.00000
  -0.00013   0.00001  -0.00063   0.09089   0.00037
  -0.00000  -0.00037   0.00000   0.00037   0.19804
   occupation matrix (subspace #         103 , spin            1 )
   0.10154  -0.00000  -0.00000  -0.00005   0.00000
  -0.00000   0.09117   0.00034  -0.00000   0.00011
  -0.00000   0.00034   0.20968  -0.00000   0.00032
  -0.00005  -0.00000  -0.00000   0.09049  -0.00000
   0.00000   0.00011   0.00032  -0.00000   0.19728
   occupation matrix (subspace #         104 , spin            1 )
   0.10131   0.00015  -0.00011  -0.00029   0.00067
   0.00015   0.09101  -0.00098   0.00004  -0.00117
  -0.00011  -0.00098   0.21007  -0.00072  -0.00055
  -0.00029   0.00004  -0.00072   0.09032   0.00065
   0.00067  -0.00117  -0.00055   0.00065   0.19761
   occupation matrix (subspace #         105 , spin            1 )
   0.10195  -0.00000  -0.00000  -0.00000  -0.00000
  -0.00000   0.09073   0.00005  -0.00000   0.00000
  -0.00000   0.00005   0.20853  -0.00000  -0.00002
  -0.00000  -0.00000  -0.00000   0.09076   0.00000
  -0.00000   0.00000  -0.00002   0.00000   0.19815
   occupation matrix (subspace #         106 , spin            1 )
   0.10197  -0.00001  -0.00000  -0.00004  -0.00006
  -0.00001   0.09073  -0.00012   0.00001  -0.00022
  -0.00000  -0.00012   0.20854  -0.00005   0.00003
  -0.00004   0.00001  -0.00005   0.09078   0.00002
  -0.00006  -0.00022   0.00003   0.00002   0.19812
   occupation matrix (subspace #         107 , spin            1 )
   0.10225  -0.00000   0.00000  -0.00015   0.00000
  -0.00000   0.09153  -0.00098   0.00000  -0.00193
   0.00000  -0.00098   0.20796  -0.00000   0.00046
  -0.00015   0.00000  -0.00000   0.08969  -0.00000
   0.00000  -0.00193   0.00046  -0.00000   0.19862
   occupation matrix (subspace #         108 , spin            1 )
   0.10205   0.00004  -0.00003   0.00008   0.00021
   0.00004   0.09101   0.00050   0.00002   0.00000
  -0.00003   0.00050   0.20833  -0.00006  -0.00003
   0.00008   0.00002  -0.00006   0.09058   0.00004
   0.00021   0.00000  -0.00003   0.00004   0.19820
