   occupation matrix (subspace #           1 , spin            1 )
   0.10189  -0.00003  -0.00001  -0.00004  -0.00005
  -0.00003   0.09064  -0.00007   0.00001  -0.00009
  -0.00001  -0.00007   0.20872  -0.00015  -0.00003
  -0.00004   0.00001  -0.00015   0.09082   0.00001
  -0.00005  -0.00009  -0.00003   0.00001   0.19803
   occupation matrix (subspace #           2 , spin            1 )
   0.10191   0.00000  -0.00000  -0.00000   0.00001
   0.00000   0.09076   0.00001   0.00000  -0.00000
  -0.00000   0.00001   0.20867   0.00003  -0.00001
  -0.00000   0.00000   0.00003   0.09073  -0.00007
   0.00001  -0.00000  -0.00001  -0.00007   0.19805
   occupation matrix (subspace #           3 , spin            1 )
   0.10189   0.00000  -0.00000  -0.00000   0.00000
   0.00000   0.09075  -0.00000  -0.00000  -0.00000
  -0.00000  -0.00000   0.20869  -0.00000   0.00001
  -0.00000  -0.00000  -0.00000   0.09072  -0.00000
   0.00000  -0.00000   0.00001  -0.00000   0.19805
   occupation matrix (subspace #           4 , spin            1 )
   0.10190  -0.00000   0.00000  -0.00000   0.00000
  -0.00000   0.09075  -0.00000   0.00000  -0.00000
   0.00000  -0.00000   0.20867  -0.00001  -0.00000
  -0.00000   0.00000  -0.00001   0.09073   0.00000
   0.00000  -0.00000  -0.00000   0.00000   0.19806
   occupation matrix (subspace #           5 , spin            1 )
   0.10162   0.00015   0.00009  -0.00015   0.00011
   0.00015   0.09182   0.00063   0.00004  -0.00009
   0.00009   0.00063   0.20945   0.00087   0.00059
  -0.00015   0.00004   0.00087   0.08997  -0.00168
   0.00011  -0.00009   0.00059  -0.00168   0.19770
   occupation matrix (subspace #           6 , spin            1 )
   0.10401   0.00069   0.00017   0.00069   0.00000
   0.00069   0.09117   0.00062   0.00010   0.00011
   0.00017   0.00062   0.20616   0.00062   0.00000
   0.00069   0.00010   0.00062   0.09117  -0.00011
   0.00000   0.00011   0.00000  -0.00011   0.19839
   occupation matrix (subspace #           7 , spin            1 )
   0.10180  -0.00013   0.00000  -0.00000  -0.00000
  -0.00013   0.09042  -0.00000   0.00000  -0.00000
   0.00000  -0.00000   0.20870   0.00022   0.00003
  -0.00000   0.00000   0.00022   0.09103  -0.00043
  -0.00000  -0.00000   0.00003  -0.00043   0.19817
   occupation matrix (subspace #           8 , spin            1 )
   0.10192   0.00008  -0.00000  -0.00000   0.00000
   0.00008   0.09106  -0.00000  -0.00000  -0.00000
  -0.00000  -0.00000   0.20840   0.00061   0.00009
  -0.00000  -0.00000   0.00061   0.09037  -0.00019
   0.00000  -0.00000   0.00009  -0.00019   0.19825
   occupation matrix (subspace #           9 , spin            1 )
   0.10189   0.00001  -0.00000   0.00000  -0.00000
   0.00001   0.09074  -0.00000   0.00000   0.00000
  -0.00000  -0.00000   0.20870   0.00002   0.00001
   0.00000   0.00000   0.00002   0.09073  -0.00003
  -0.00000   0.00000   0.00001  -0.00003   0.19804
   occupation matrix (subspace #          10 , spin            1 )
   0.10191  -0.00000  -0.00000   0.00000  -0.00001
  -0.00000   0.09073   0.00003   0.00000   0.00007
  -0.00000   0.00003   0.20867   0.00001   0.00001
   0.00000   0.00000   0.00001   0.09076   0.00000
  -0.00001   0.00007   0.00001   0.00000   0.19805
   occupation matrix (subspace #          11 , spin            1 )
   0.10164  -0.00000   0.00000  -0.00000  -0.00000
  -0.00000   0.09034  -0.00000   0.00000  -0.00000
   0.00000  -0.00000   0.20927  -0.00020  -0.00014
  -0.00000   0.00000  -0.00020   0.09103  -0.00013
  -0.00000  -0.00000  -0.00014  -0.00013   0.19765
   occupation matrix (subspace #          12 , spin            1 )
   0.10182  -0.00001   0.00000  -0.00000  -0.00000
  -0.00001   0.09057  -0.00000   0.00000  -0.00000
   0.00000  -0.00000   0.20886   0.00000  -0.00006
  -0.00000   0.00000   0.00000   0.09079   0.00000
  -0.00000  -0.00000  -0.00006   0.00000   0.19802
   occupation matrix (subspace #          13 , spin            1 )
   0.10201   0.00002   0.00000  -0.00000  -0.00000
   0.00002   0.09088  -0.00000   0.00000   0.00000
   0.00000  -0.00000   0.20842   0.00005   0.00001
  -0.00000   0.00000   0.00005   0.09067  -0.00000
  -0.00000   0.00000   0.00001  -0.00000   0.19816
   occupation matrix (subspace #          14 , spin            1 )
   0.10188   0.00000  -0.00000  -0.00000  -0.00000
   0.00000   0.09069  -0.00000   0.00000  -0.00000
  -0.00000  -0.00000   0.20875   0.00005   0.00003
  -0.00000   0.00000   0.00005   0.09078  -0.00008
  -0.00000  -0.00000   0.00003  -0.00008   0.19802
   occupation matrix (subspace #          15 , spin            1 )
   0.10189   0.00000  -0.00000   0.00000   0.00000
   0.00000   0.09074   0.00000   0.00000   0.00000
  -0.00000   0.00000   0.20869   0.00000   0.00000
   0.00000   0.00000   0.00000   0.09074  -0.00000
   0.00000   0.00000   0.00000  -0.00000   0.19805
   occupation matrix (subspace #          16 , spin            1 )
   0.10189  -0.00000  -0.00000   0.00001   0.00000
  -0.00000   0.09073   0.00002   0.00000   0.00003
  -0.00000   0.00002   0.20870  -0.00001  -0.00001
   0.00001   0.00000  -0.00001   0.09074   0.00000
   0.00000   0.00003  -0.00001   0.00000   0.19804
   occupation matrix (subspace #          17 , spin            1 )
   0.10620  -0.00074   0.00000  -0.00000   0.00000
  -0.00074   0.09254  -0.00000  -0.00000   0.00000
   0.00000  -0.00000   0.20519   0.00244   0.00229
  -0.00000  -0.00000   0.00244   0.09132  -0.00099
   0.00000   0.00000   0.00229  -0.00099   0.19677
   occupation matrix (subspace #          18 , spin            1 )
   0.10706   0.00210   0.00000  -0.00000   0.00000
   0.00210   0.08482  -0.00000  -0.00000   0.00000
   0.00000  -0.00000   0.20795  -0.00184  -0.00106
  -0.00000  -0.00000  -0.00184   0.09383   0.00206
   0.00000   0.00000  -0.00106   0.00206   0.19959
   occupation matrix (subspace #          19 , spin            1 )
   0.10177  -0.00020  -0.00004  -0.00007   0.00032
  -0.00020   0.09108  -0.00047  -0.00004   0.00021
  -0.00004  -0.00047   0.20859   0.00044  -0.00015
  -0.00007  -0.00004   0.00044   0.09069  -0.00048
   0.00032   0.00021  -0.00015  -0.00048   0.19812
   occupation matrix (subspace #          20 , spin            1 )
   0.10162  -0.00015   0.00009   0.00015  -0.00011
  -0.00015   0.08997   0.00087   0.00004   0.00168
   0.00009   0.00087   0.20945   0.00063  -0.00059
   0.00015   0.00004   0.00063   0.09182   0.00009
  -0.00011   0.00168  -0.00059   0.00009   0.19770
   occupation matrix (subspace #          21 , spin            1 )
   0.10189   0.00001   0.00000  -0.00000  -0.00000
   0.00001   0.09075  -0.00000  -0.00000  -0.00000
   0.00000  -0.00000   0.20869   0.00001  -0.00001
  -0.00000  -0.00000   0.00001   0.09072  -0.00002
  -0.00000  -0.00000  -0.00001  -0.00002   0.19805
   occupation matrix (subspace #          22 , spin            1 )
   0.10188  -0.00001   0.00000  -0.00000  -0.00000
  -0.00001   0.09070  -0.00000  -0.00000   0.00000
   0.00000  -0.00000   0.20869  -0.00001   0.00001
  -0.00000  -0.00000  -0.00001   0.09077   0.00001
  -0.00000   0.00000   0.00001   0.00001   0.19806
   occupation matrix (subspace #          23 , spin            1 )
   0.10177  -0.00007  -0.00004  -0.00020  -0.00032
  -0.00007   0.09069   0.00044  -0.00004   0.00048
  -0.00004   0.00044   0.20859  -0.00047   0.00015
  -0.00020  -0.00004  -0.00047   0.09107  -0.00021
  -0.00032   0.00048   0.00015  -0.00021   0.19812
   occupation matrix (subspace #          24 , spin            1 )
   0.10189  -0.00004  -0.00001  -0.00003   0.00005
  -0.00004   0.09082  -0.00015   0.00001  -0.00001
  -0.00001  -0.00015   0.20872  -0.00007   0.00003
  -0.00003   0.00001  -0.00007   0.09063   0.00009
   0.00005  -0.00001   0.00003   0.00009   0.19803
   occupation matrix (subspace #          25 , spin            1 )
   0.10189  -0.00003   0.00001   0.00004   0.00005
  -0.00003   0.09064   0.00007  -0.00001   0.00009
   0.00001   0.00007   0.20872  -0.00015  -0.00003
   0.00004  -0.00001  -0.00015   0.09082   0.00001
   0.00005   0.00009  -0.00003   0.00001   0.19803
   occupation matrix (subspace #          26 , spin            1 )
   0.10191   0.00000   0.00000   0.00000  -0.00001
   0.00000   0.09076  -0.00001  -0.00000   0.00000
   0.00000  -0.00001   0.20867   0.00003  -0.00001
   0.00000  -0.00000   0.00003   0.09073  -0.00007
  -0.00001   0.00000  -0.00001  -0.00007   0.19805
   occupation matrix (subspace #          27 , spin            1 )
   0.10189   0.00000   0.00000  -0.00000  -0.00000
   0.00000   0.09074  -0.00000  -0.00000  -0.00000
   0.00000  -0.00000   0.20869   0.00000  -0.00000
  -0.00000  -0.00000   0.00000   0.09073  -0.00000
  -0.00000  -0.00000  -0.00000  -0.00000   0.19805
   occupation matrix (subspace #          28 , spin            1 )
   0.10189   0.00000   0.00000  -0.00001  -0.00000
   0.00000   0.09073  -0.00002  -0.00000  -0.00003
   0.00000  -0.00002   0.20870  -0.00000  -0.00001
  -0.00001  -0.00000  -0.00000   0.09074  -0.00000
  -0.00000  -0.00003  -0.00001  -0.00000   0.19804
   occupation matrix (subspace #          29 , spin            1 )
   0.10162   0.00015  -0.00009   0.00015  -0.00011
   0.00015   0.09182  -0.00063  -0.00004   0.00009
  -0.00009  -0.00063   0.20945   0.00087   0.00059
   0.00015  -0.00004   0.00087   0.08997  -0.00168
  -0.00011   0.00009   0.00059  -0.00168   0.19770
   occupation matrix (subspace #          30 , spin            1 )
   0.10401   0.00069  -0.00017  -0.00069  -0.00000
   0.00069   0.09117  -0.00062  -0.00010  -0.00011
  -0.00017  -0.00062   0.20616   0.00062   0.00000
  -0.00069  -0.00010   0.00062   0.09117  -0.00011
  -0.00000  -0.00011   0.00000  -0.00011   0.19839
   occupation matrix (subspace #          31 , spin            1 )
   0.10177  -0.00020   0.00004   0.00007  -0.00032
  -0.00020   0.09108   0.00047   0.00004  -0.00021
   0.00004   0.00047   0.20859   0.00044  -0.00015
   0.00007   0.00004   0.00044   0.09069  -0.00048
  -0.00032  -0.00021  -0.00015  -0.00048   0.19812
   occupation matrix (subspace #          32 , spin            1 )
   0.10162  -0.00015  -0.00009  -0.00015   0.00011
  -0.00015   0.08997  -0.00087  -0.00004  -0.00168
  -0.00009  -0.00087   0.20945   0.00063  -0.00059
  -0.00015  -0.00004   0.00063   0.09182   0.00009
   0.00011  -0.00168  -0.00059   0.00009   0.19770
   occupation matrix (subspace #          33 , spin            1 )
   0.10189   0.00001   0.00000   0.00000   0.00000
   0.00001   0.09074   0.00001  -0.00000   0.00000
   0.00000   0.00001   0.20870   0.00002   0.00001
   0.00000  -0.00000   0.00002   0.09073  -0.00003
   0.00000   0.00000   0.00001  -0.00003   0.19804
   occupation matrix (subspace #          34 , spin            1 )
   0.10191  -0.00000   0.00000  -0.00000   0.00001
  -0.00000   0.09073  -0.00003  -0.00000  -0.00007
   0.00000  -0.00003   0.20867   0.00001   0.00001
  -0.00000  -0.00000   0.00001   0.09076   0.00000
   0.00001  -0.00007   0.00001   0.00000   0.19805
   occupation matrix (subspace #          35 , spin            1 )
   0.10177  -0.00007   0.00004   0.00020   0.00032
  -0.00007   0.09069  -0.00044   0.00004  -0.00048
   0.00004  -0.00044   0.20859  -0.00047   0.00015
   0.00020   0.00004  -0.00047   0.09107  -0.00021
   0.00032  -0.00048   0.00015  -0.00021   0.19812
   occupation matrix (subspace #          36 , spin            1 )
   0.10189  -0.00004   0.00001   0.00003  -0.00005
  -0.00004   0.09082   0.00015  -0.00001   0.00001
   0.00001   0.00015   0.20872  -0.00007   0.00003
   0.00003  -0.00001  -0.00007   0.09063   0.00009
  -0.00005   0.00001   0.00003   0.00009   0.19803
   occupation matrix (subspace #          37 , spin            1 )
   0.10189   0.00003   0.00001  -0.00004   0.00005
   0.00003   0.09064  -0.00007  -0.00001  -0.00009
   0.00001  -0.00007   0.20872   0.00015  -0.00003
  -0.00004  -0.00001   0.00015   0.09082  -0.00001
   0.00005  -0.00009  -0.00003  -0.00001   0.19803
   occupation matrix (subspace #          38 , spin            1 )
   0.10187  -0.00000   0.00000  -0.00001  -0.00000
  -0.00000   0.09077  -0.00001   0.00000  -0.00001
   0.00000  -0.00001   0.20869  -0.00000  -0.00001
  -0.00001   0.00000  -0.00000   0.09069   0.00000
  -0.00000  -0.00001  -0.00001   0.00000   0.19806
   occupation matrix (subspace #          39 , spin            1 )
   0.10189  -0.00000  -0.00000  -0.00000   0.00000
  -0.00000   0.09075  -0.00000   0.00000   0.00000
  -0.00000  -0.00000   0.20869   0.00000   0.00001
  -0.00000   0.00000   0.00000   0.09072   0.00000
   0.00000   0.00000   0.00001   0.00000   0.19805
   occupation matrix (subspace #          40 , spin            1 )
   0.10190  -0.00000  -0.00000  -0.00000  -0.00000
  -0.00000   0.09075  -0.00000  -0.00000  -0.00000
  -0.00000  -0.00000   0.20868   0.00000   0.00001
  -0.00000  -0.00000   0.00000   0.09071  -0.00000
  -0.00000  -0.00000   0.00001  -0.00000   0.19806
   occupation matrix (subspace #          41 , spin            1 )
   0.10162  -0.00015  -0.00009  -0.00015  -0.00011
  -0.00015   0.09182   0.00063  -0.00004  -0.00009
  -0.00009   0.00063   0.20945  -0.00087   0.00059
  -0.00015  -0.00004  -0.00087   0.08997   0.00168
  -0.00011  -0.00009   0.00059   0.00168   0.19770
   occupation matrix (subspace #          42 , spin            1 )
   0.10706  -0.00000  -0.00000   0.00210   0.00000
  -0.00000   0.09383  -0.00184  -0.00000  -0.00206
  -0.00000  -0.00184   0.20795   0.00000   0.00106
   0.00210  -0.00000   0.00000   0.08482   0.00000
   0.00000  -0.00206   0.00106   0.00000   0.19959
   occupation matrix (subspace #          43 , spin            1 )
   0.10180   0.00013  -0.00000  -0.00000   0.00000
   0.00013   0.09042  -0.00000  -0.00000  -0.00000
  -0.00000  -0.00000   0.20870  -0.00022   0.00003
  -0.00000  -0.00000  -0.00022   0.09103   0.00043
   0.00000  -0.00000   0.00003   0.00043   0.19817
   occupation matrix (subspace #          44 , spin            1 )
   0.10300  -0.00000  -0.00000  -0.00000  -0.00000
  -0.00000   0.09107  -0.00000   0.00000  -0.00000
  -0.00000  -0.00000   0.20749  -0.00000  -0.00050
  -0.00000   0.00000  -0.00000   0.09097   0.00000
  -0.00000  -0.00000  -0.00050   0.00000   0.19770
   occupation matrix (subspace #          45 , spin            1 )
   0.10189  -0.00001   0.00000   0.00000   0.00000
  -0.00001   0.09074  -0.00000  -0.00000   0.00000
   0.00000  -0.00000   0.20870  -0.00002   0.00001
   0.00000  -0.00000  -0.00002   0.09073   0.00003
   0.00000   0.00000   0.00001   0.00003   0.19804
   occupation matrix (subspace #          46 , spin            1 )
   0.10188   0.00000   0.00000   0.00000  -0.00000
   0.00000   0.09078   0.00005  -0.00000   0.00008
   0.00000   0.00005   0.20875   0.00000  -0.00003
   0.00000  -0.00000   0.00000   0.09068  -0.00000
  -0.00000   0.00008  -0.00003  -0.00000   0.19802
   occupation matrix (subspace #          47 , spin            1 )
   0.10164   0.00000  -0.00000  -0.00000   0.00000
   0.00000   0.09034  -0.00000  -0.00000  -0.00000
  -0.00000  -0.00000   0.20927   0.00020  -0.00014
  -0.00000  -0.00000   0.00020   0.09103   0.00013
   0.00000  -0.00000  -0.00014   0.00013   0.19765
   occupation matrix (subspace #          48 , spin            1 )
   0.10191  -0.00000   0.00000  -0.00000  -0.00000
  -0.00000   0.09045  -0.00000  -0.00000  -0.00000
   0.00000  -0.00000   0.20870  -0.00000  -0.00004
  -0.00000  -0.00000  -0.00000   0.09094   0.00000
  -0.00000  -0.00000  -0.00004   0.00000   0.19809
   occupation matrix (subspace #          49 , spin            1 )
   0.10201  -0.00002  -0.00000  -0.00000   0.00000
  -0.00002   0.09088  -0.00000  -0.00000  -0.00000
  -0.00000  -0.00000   0.20842  -0.00005   0.00001
  -0.00000  -0.00000  -0.00005   0.09067   0.00000
   0.00000  -0.00000   0.00001   0.00000   0.19816
   occupation matrix (subspace #          50 , spin            1 )
   0.10186  -0.00000   0.00000  -0.00000   0.00000
  -0.00000   0.09077  -0.00000  -0.00000  -0.00000
   0.00000  -0.00000   0.20871  -0.00000   0.00001
  -0.00000  -0.00000  -0.00000   0.09072   0.00000
   0.00000  -0.00000   0.00001   0.00000   0.19804
   occupation matrix (subspace #          51 , spin            1 )
   0.10189  -0.00000   0.00000   0.00000  -0.00000
  -0.00000   0.09074   0.00000  -0.00000   0.00000
   0.00000   0.00000   0.20869  -0.00000  -0.00000
   0.00000  -0.00000  -0.00000   0.09074   0.00000
  -0.00000   0.00000  -0.00000   0.00000   0.19805
   occupation matrix (subspace #          52 , spin            1 )
   0.10189   0.00000  -0.00000   0.00001  -0.00000
   0.00000   0.09073   0.00001   0.00000   0.00002
  -0.00000   0.00001   0.20869   0.00000   0.00001
   0.00001   0.00000   0.00000   0.09074  -0.00000
  -0.00000   0.00002   0.00001  -0.00000   0.19805
   occupation matrix (subspace #          53 , spin            1 )
   0.10620   0.00074  -0.00000  -0.00000   0.00000
   0.00074   0.09254  -0.00000   0.00000   0.00000
  -0.00000  -0.00000   0.20519  -0.00244   0.00229
  -0.00000   0.00000  -0.00244   0.09132   0.00099
   0.00000   0.00000   0.00229   0.00099   0.19677
   occupation matrix (subspace #          54 , spin            1 )
   1.96172  -0.00000   0.00000  -0.00000   0.00000
  -0.00000   1.98824   0.00000   0.00000  -0.00000
   0.00000   0.00000   0.87950  -0.00000   0.00000
  -0.00000   0.00000  -0.00000   1.98824   0.00000
   0.00000  -0.00000   0.00000   0.00000   0.84160
   occupation matrix (subspace #          55 , spin            1 )
   0.10177   0.00020   0.00004  -0.00007  -0.00032
   0.00020   0.09108  -0.00047   0.00004   0.00021
   0.00004  -0.00047   0.20859  -0.00044  -0.00015
  -0.00007   0.00004  -0.00044   0.09069   0.00048
  -0.00032   0.00021  -0.00015   0.00048   0.19812
   occupation matrix (subspace #          56 , spin            1 )
   0.10620   0.00000   0.00000  -0.00074  -0.00000
   0.00000   0.09132   0.00244   0.00000   0.00099
   0.00000   0.00244   0.20519  -0.00000  -0.00229
  -0.00074   0.00000  -0.00000   0.09254   0.00000
  -0.00000   0.00099  -0.00229   0.00000   0.19677
   occupation matrix (subspace #          57 , spin            1 )
   0.10189  -0.00001  -0.00000  -0.00000   0.00000
  -0.00001   0.09075  -0.00000  -0.00000   0.00000
  -0.00000  -0.00000   0.20869  -0.00001  -0.00001
  -0.00000  -0.00000  -0.00001   0.09072   0.00002
   0.00000   0.00000  -0.00001   0.00002   0.19805
   occupation matrix (subspace #          58 , spin            1 )
   0.10186  -0.00000  -0.00000  -0.00000   0.00000
  -0.00000   0.09073  -0.00000   0.00000   0.00000
  -0.00000  -0.00000   0.20871  -0.00000  -0.00001
  -0.00000   0.00000  -0.00000   0.09076   0.00000
   0.00000   0.00000  -0.00001   0.00000   0.19804
   occupation matrix (subspace #          59 , spin            1 )
   0.10177   0.00007   0.00004  -0.00020   0.00032
   0.00007   0.09069   0.00044   0.00004   0.00048
   0.00004   0.00044   0.20859   0.00047   0.00015
  -0.00020   0.00004   0.00047   0.09107   0.00021
   0.00032   0.00048   0.00015   0.00021   0.19812
   occupation matrix (subspace #          60 , spin            1 )
   0.10201  -0.00000   0.00000   0.00002  -0.00000
  -0.00000   0.09067   0.00005  -0.00000   0.00000
   0.00000   0.00005   0.20842  -0.00000  -0.00001
   0.00002  -0.00000  -0.00000   0.09088   0.00000
  -0.00000   0.00000  -0.00001   0.00000   0.19816
   occupation matrix (subspace #          61 , spin            1 )
   0.10189   0.00003  -0.00001   0.00004  -0.00005
   0.00003   0.09064   0.00007   0.00001   0.00009
  -0.00001   0.00007   0.20872   0.00015  -0.00003
   0.00004   0.00001   0.00015   0.09082  -0.00001
  -0.00005   0.00009  -0.00003  -0.00001   0.19803
   occupation matrix (subspace #          62 , spin            1 )
   0.10188   0.00000  -0.00000   0.00001  -0.00000
   0.00000   0.09077   0.00001   0.00000   0.00001
  -0.00000   0.00001   0.20869  -0.00000  -0.00001
   0.00001   0.00000  -0.00000   0.09069  -0.00000
  -0.00000   0.00001  -0.00001  -0.00000   0.19806
   occupation matrix (subspace #          63 , spin            1 )
   0.10189  -0.00000  -0.00000  -0.00000   0.00000
  -0.00000   0.09074  -0.00000   0.00000  -0.00000
  -0.00000  -0.00000   0.20869  -0.00000   0.00000
  -0.00000   0.00000  -0.00000   0.09074   0.00000
   0.00000  -0.00000   0.00000   0.00000   0.19805
   occupation matrix (subspace #          64 , spin            1 )
   0.10189  -0.00000   0.00000  -0.00001   0.00000
  -0.00000   0.09073  -0.00001   0.00000  -0.00002
   0.00000  -0.00001   0.20869  -0.00000   0.00001
  -0.00001   0.00000  -0.00000   0.09074   0.00000
   0.00000  -0.00002   0.00001   0.00000   0.19805
   occupation matrix (subspace #          65 , spin            1 )
   0.10162  -0.00015   0.00009   0.00015   0.00011
  -0.00015   0.09182  -0.00063   0.00004   0.00009
   0.00009  -0.00063   0.20945  -0.00087   0.00059
   0.00015   0.00004  -0.00087   0.08997   0.00168
   0.00011   0.00009   0.00059   0.00168   0.19770
   occupation matrix (subspace #          66 , spin            1 )
   0.10706  -0.00000   0.00000  -0.00210   0.00000
  -0.00000   0.09383   0.00184   0.00000   0.00206
   0.00000   0.00184   0.20795  -0.00000   0.00106
  -0.00210   0.00000  -0.00000   0.08482   0.00000
   0.00000   0.00206   0.00106   0.00000   0.19959
   occupation matrix (subspace #          67 , spin            1 )
   0.10177   0.00020  -0.00004   0.00007   0.00032
   0.00020   0.09108   0.00047  -0.00004  -0.00021
  -0.00004   0.00047   0.20859  -0.00044  -0.00015
   0.00007  -0.00004  -0.00044   0.09069   0.00048
   0.00032  -0.00021  -0.00015   0.00048   0.19812
   occupation matrix (subspace #          68 , spin            1 )
   0.10620   0.00000   0.00000   0.00074   0.00000
   0.00000   0.09132  -0.00244  -0.00000  -0.00099
   0.00000  -0.00244   0.20519  -0.00000  -0.00229
   0.00074  -0.00000  -0.00000   0.09254   0.00000
   0.00000  -0.00099  -0.00229   0.00000   0.19677
   occupation matrix (subspace #          69 , spin            1 )
   0.10189  -0.00001  -0.00000  -0.00000  -0.00000
  -0.00001   0.09074   0.00000   0.00000  -0.00000
  -0.00000   0.00000   0.20870  -0.00002   0.00001
  -0.00000   0.00000  -0.00002   0.09073   0.00003
  -0.00000  -0.00000   0.00001   0.00003   0.19804
   occupation matrix (subspace #          70 , spin            1 )
   0.10188   0.00000  -0.00000  -0.00000   0.00000
   0.00000   0.09078  -0.00005  -0.00000  -0.00008
  -0.00000  -0.00005   0.20875   0.00000  -0.00003
  -0.00000  -0.00000   0.00000   0.09068  -0.00000
   0.00000  -0.00008  -0.00003  -0.00000   0.19802
   occupation matrix (subspace #          71 , spin            1 )
   0.10177   0.00007  -0.00004   0.00020  -0.00032
   0.00007   0.09069  -0.00044  -0.00004  -0.00048
  -0.00004  -0.00044   0.20859   0.00047   0.00015
   0.00020  -0.00004   0.00047   0.09107   0.00021
  -0.00032  -0.00048   0.00015   0.00021   0.19812
   occupation matrix (subspace #          72 , spin            1 )
   0.10201  -0.00000  -0.00000  -0.00002   0.00000
  -0.00000   0.09067  -0.00005   0.00000  -0.00000
  -0.00000  -0.00005   0.20842  -0.00000  -0.00001
  -0.00002   0.00000  -0.00000   0.09088   0.00000
   0.00000  -0.00000  -0.00001   0.00000   0.19816
   occupation matrix (subspace #          73 , spin            1 )
   0.10182  -0.00000   0.00000  -0.00001  -0.00000
  -0.00000   0.09080   0.00000   0.00000  -0.00000
   0.00000   0.00000   0.20886   0.00000   0.00006
  -0.00001   0.00000   0.00000   0.09056  -0.00000
  -0.00000  -0.00000   0.00006  -0.00000   0.19802
   occupation matrix (subspace #          74 , spin            1 )
   0.10191  -0.00000   0.00000  -0.00000  -0.00001
  -0.00000   0.09076   0.00001  -0.00000  -0.00000
   0.00000   0.00001   0.20867  -0.00003  -0.00001
  -0.00000  -0.00000  -0.00003   0.09073   0.00007
  -0.00001  -0.00000  -0.00001   0.00007   0.19805
   occupation matrix (subspace #          75 , spin            1 )
   0.10190   0.00000   0.00000   0.00000  -0.00000
   0.00000   0.09074   0.00000  -0.00000   0.00000
   0.00000   0.00000   0.20868  -0.00000   0.00000
   0.00000  -0.00000  -0.00000   0.09073   0.00000
  -0.00000   0.00000   0.00000   0.00000   0.19806
   occupation matrix (subspace #          76 , spin            1 )
   0.10190   0.00000  -0.00000  -0.00000   0.00000
   0.00000   0.09075  -0.00000   0.00000  -0.00000
  -0.00000  -0.00000   0.20867   0.00001  -0.00000
  -0.00000   0.00000   0.00001   0.09073  -0.00000
   0.00000  -0.00000  -0.00000  -0.00000   0.19806
   occupation matrix (subspace #          77 , spin            1 )
   0.10192   0.00000  -0.00000   0.00008   0.00000
   0.00000   0.09037   0.00061  -0.00000   0.00019
  -0.00000   0.00061   0.20840   0.00000  -0.00009
   0.00008  -0.00000   0.00000   0.09106  -0.00000
   0.00000   0.00019  -0.00009  -0.00000   0.19825
   occupation matrix (subspace #          78 , spin            1 )
   0.10401  -0.00069  -0.00017   0.00069  -0.00000
  -0.00069   0.09117   0.00062  -0.00010   0.00011
  -0.00017   0.00062   0.20616  -0.00062   0.00000
   0.00069  -0.00010  -0.00062   0.09117   0.00011
  -0.00000   0.00011   0.00000   0.00011   0.19839
   occupation matrix (subspace #          79 , spin            1 )
   0.10159  -0.00000   0.00000   0.00000   0.00000
  -0.00000   0.09115  -0.00000   0.00000   0.00000
   0.00000  -0.00000   0.20928  -0.00000   0.00029
   0.00000   0.00000  -0.00000   0.09038  -0.00000
   0.00000   0.00000   0.00029  -0.00000   0.19765
   occupation matrix (subspace #          80 , spin            1 )
   0.10192  -0.00008   0.00000  -0.00000  -0.00000
  -0.00008   0.09106  -0.00000   0.00000  -0.00000
   0.00000  -0.00000   0.20840  -0.00061   0.00009
  -0.00000   0.00000  -0.00061   0.09037   0.00019
  -0.00000  -0.00000   0.00009   0.00019   0.19825
   occupation matrix (subspace #          81 , spin            1 )
   0.10190   0.00000  -0.00000  -0.00000   0.00000
   0.00000   0.09073  -0.00001  -0.00000  -0.00000
  -0.00000  -0.00001   0.20867   0.00000   0.00000
  -0.00000  -0.00000   0.00000   0.09074  -0.00000
   0.00000  -0.00000   0.00000  -0.00000   0.19806
   occupation matrix (subspace #          82 , spin            1 )
   0.10191   0.00000   0.00000   0.00000   0.00001
   0.00000   0.09073   0.00003  -0.00000   0.00007
   0.00000   0.00003   0.20867  -0.00001   0.00001
   0.00000  -0.00000  -0.00001   0.09076  -0.00000
   0.00001   0.00007   0.00001  -0.00000   0.19805
   occupation matrix (subspace #          83 , spin            1 )
   0.10159   0.00000   0.00000  -0.00000  -0.00000
   0.00000   0.09038   0.00000  -0.00000  -0.00000
   0.00000   0.00000   0.20928  -0.00000  -0.00029
  -0.00000  -0.00000  -0.00000   0.09115  -0.00000
  -0.00000  -0.00000  -0.00029  -0.00000   0.19765
   occupation matrix (subspace #          84 , spin            1 )
   0.10182   0.00001  -0.00000  -0.00000   0.00000
   0.00001   0.09057  -0.00000  -0.00000  -0.00000
  -0.00000  -0.00000   0.20886  -0.00000  -0.00006
  -0.00000  -0.00000  -0.00000   0.09079  -0.00000
   0.00000  -0.00000  -0.00006  -0.00000   0.19802
   occupation matrix (subspace #          85 , spin            1 )
   0.10191   0.00000  -0.00000  -0.00000   0.00000
   0.00000   0.09094  -0.00000   0.00000  -0.00000
  -0.00000  -0.00000   0.20870   0.00000   0.00004
  -0.00000   0.00000   0.00000   0.09045  -0.00000
   0.00000  -0.00000   0.00004  -0.00000   0.19809
   occupation matrix (subspace #          86 , spin            1 )
   0.10188  -0.00000   0.00000  -0.00000   0.00000
  -0.00000   0.09069  -0.00000   0.00000  -0.00000
   0.00000  -0.00000   0.20875  -0.00005   0.00003
  -0.00000   0.00000  -0.00005   0.09078   0.00008
   0.00000  -0.00000   0.00003   0.00008   0.19802
   occupation matrix (subspace #          87 , spin            1 )
   0.10189   0.00000   0.00000   0.00000   0.00000
   0.00000   0.09073  -0.00000   0.00000   0.00000
   0.00000  -0.00000   0.20869   0.00000  -0.00000
   0.00000   0.00000   0.00000   0.09075  -0.00000
   0.00000   0.00000  -0.00000  -0.00000   0.19805
   occupation matrix (subspace #          88 , spin            1 )
   0.10189  -0.00000   0.00000   0.00001  -0.00000
  -0.00000   0.09073   0.00002  -0.00000   0.00003
   0.00000   0.00002   0.20870   0.00000  -0.00001
   0.00001  -0.00000   0.00000   0.09074   0.00000
  -0.00000   0.00003  -0.00001   0.00000   0.19804
   occupation matrix (subspace #          89 , spin            1 )
   0.10300  -0.00000  -0.00000  -0.00000  -0.00000
  -0.00000   0.09097  -0.00000  -0.00000  -0.00000
  -0.00000  -0.00000   0.20749  -0.00000   0.00050
  -0.00000  -0.00000  -0.00000   0.09107   0.00000
  -0.00000  -0.00000   0.00050   0.00000   0.19770
   occupation matrix (subspace #          90 , spin            1 )
   0.10706  -0.00210  -0.00000  -0.00000  -0.00000
  -0.00210   0.08482  -0.00000   0.00000   0.00000
  -0.00000  -0.00000   0.20795   0.00184  -0.00106
  -0.00000   0.00000   0.00184   0.09383  -0.00206
  -0.00000   0.00000  -0.00106  -0.00206   0.19959
   occupation matrix (subspace #          91 , spin            1 )
   0.10164   0.00000   0.00000  -0.00000  -0.00000
   0.00000   0.09103  -0.00020  -0.00000   0.00013
   0.00000  -0.00020   0.20927   0.00000   0.00014
  -0.00000  -0.00000   0.00000   0.09034  -0.00000
  -0.00000   0.00013   0.00014  -0.00000   0.19765
   occupation matrix (subspace #          92 , spin            1 )
   0.10162   0.00015  -0.00009   0.00015   0.00011
   0.00015   0.08997   0.00087  -0.00004   0.00168
  -0.00009   0.00087   0.20945  -0.00063  -0.00059
   0.00015  -0.00004  -0.00063   0.09182  -0.00009
   0.00011   0.00168  -0.00059  -0.00009   0.19770
   occupation matrix (subspace #          93 , spin            1 )
   0.10190   0.00000   0.00000  -0.00000  -0.00000
   0.00000   0.09072  -0.00000   0.00000   0.00000
   0.00000  -0.00000   0.20868   0.00000  -0.00001
  -0.00000   0.00000   0.00000   0.09075  -0.00000
  -0.00000   0.00000  -0.00001  -0.00000   0.19806
   occupation matrix (subspace #          94 , spin            1 )
   0.10188   0.00001  -0.00000   0.00000   0.00000
   0.00001   0.09070  -0.00000  -0.00000  -0.00000
  -0.00000  -0.00000   0.20869   0.00001   0.00001
   0.00000  -0.00000   0.00001   0.09077  -0.00001
   0.00000  -0.00000   0.00001  -0.00001   0.19806
   occupation matrix (subspace #          95 , spin            1 )
   0.10180  -0.00000  -0.00000  -0.00013  -0.00000
  -0.00000   0.09103   0.00022  -0.00000   0.00043
  -0.00000   0.00022   0.20870  -0.00000  -0.00003
  -0.00013  -0.00000  -0.00000   0.09042   0.00000
  -0.00000   0.00043  -0.00003   0.00000   0.19817
   occupation matrix (subspace #          96 , spin            1 )
   0.10189   0.00004   0.00001  -0.00003  -0.00005
   0.00004   0.09082  -0.00015  -0.00001  -0.00001
   0.00001  -0.00015   0.20872   0.00007   0.00003
  -0.00003  -0.00001   0.00007   0.09063  -0.00009
  -0.00005  -0.00001   0.00003  -0.00009   0.19803
   occupation matrix (subspace #          97 , spin            1 )
   0.10182  -0.00000   0.00000   0.00001  -0.00000
  -0.00000   0.09080  -0.00000  -0.00000   0.00000
   0.00000  -0.00000   0.20886  -0.00000   0.00006
   0.00001  -0.00000  -0.00000   0.09056   0.00000
  -0.00000   0.00000   0.00006   0.00000   0.19802
   occupation matrix (subspace #          98 , spin            1 )
   0.10191  -0.00000  -0.00000   0.00000   0.00001
  -0.00000   0.09076  -0.00001   0.00000   0.00000
  -0.00000  -0.00001   0.20867  -0.00003  -0.00001
   0.00000   0.00000  -0.00003   0.09073   0.00007
   0.00001   0.00000  -0.00001   0.00007   0.19805
   occupation matrix (subspace #          99 , spin            1 )
   0.10189  -0.00000  -0.00000  -0.00000  -0.00000
  -0.00000   0.09073   0.00000  -0.00000  -0.00000
  -0.00000   0.00000   0.20869  -0.00000  -0.00000
  -0.00000  -0.00000  -0.00000   0.09075   0.00000
  -0.00000  -0.00000  -0.00000   0.00000   0.19805
   occupation matrix (subspace #         100 , spin            1 )
   0.10189  -0.00000  -0.00000  -0.00001   0.00000
  -0.00000   0.09073  -0.00002   0.00000  -0.00003
  -0.00000  -0.00002   0.20870   0.00000  -0.00001
  -0.00001   0.00000   0.00000   0.09074   0.00000
   0.00000  -0.00003  -0.00001   0.00000   0.19804
   occupation matrix (subspace #         101 , spin            1 )
   0.10192   0.00000   0.00000  -0.00008   0.00000
   0.00000   0.09037  -0.00061   0.00000  -0.00019
   0.00000  -0.00061   0.20840  -0.00000  -0.00009
  -0.00008   0.00000  -0.00000   0.09106  -0.00000
   0.00000  -0.00019  -0.00009  -0.00000   0.19825
   occupation matrix (subspace #         102 , spin            1 )
   0.10401  -0.00069   0.00017  -0.00069   0.00000
  -0.00069   0.09117  -0.00062   0.00010  -0.00011
   0.00017  -0.00062   0.20616  -0.00062   0.00000
  -0.00069   0.00010  -0.00062   0.09117   0.00011
   0.00000  -0.00011   0.00000   0.00011   0.19839
   occupation matrix (subspace #         103 , spin            1 )
   0.10164  -0.00000  -0.00000   0.00000  -0.00000
  -0.00000   0.09103   0.00020  -0.00000  -0.00013
  -0.00000   0.00020   0.20927  -0.00000   0.00014
   0.00000  -0.00000  -0.00000   0.09034   0.00000
  -0.00000  -0.00013   0.00014   0.00000   0.19765
   occupation matrix (subspace #         104 , spin            1 )
   0.10162   0.00015   0.00009  -0.00015  -0.00011
   0.00015   0.08997  -0.00087   0.00004  -0.00168
   0.00009  -0.00087   0.20945  -0.00063  -0.00059
  -0.00015   0.00004  -0.00063   0.09182  -0.00009
  -0.00011  -0.00168  -0.00059  -0.00009   0.19770
   occupation matrix (subspace #         105 , spin            1 )
   0.10190  -0.00000  -0.00000   0.00000   0.00000
  -0.00000   0.09073   0.00001  -0.00000   0.00000
  -0.00000   0.00001   0.20867  -0.00000   0.00000
   0.00000  -0.00000  -0.00000   0.09074   0.00000
   0.00000   0.00000   0.00000   0.00000   0.19806
   occupation matrix (subspace #         106 , spin            1 )
   0.10191   0.00000  -0.00000  -0.00000  -0.00001
   0.00000   0.09073  -0.00003   0.00000  -0.00007
  -0.00000  -0.00003   0.20867  -0.00001   0.00001
  -0.00000   0.00000  -0.00001   0.09076  -0.00000
  -0.00001  -0.00007   0.00001  -0.00000   0.19805
   occupation matrix (subspace #         107 , spin            1 )
   0.10180  -0.00000   0.00000   0.00013   0.00000
  -0.00000   0.09103  -0.00022   0.00000  -0.00043
   0.00000  -0.00022   0.20870  -0.00000  -0.00003
   0.00013   0.00000  -0.00000   0.09042   0.00000
   0.00000  -0.00043  -0.00003   0.00000   0.19817
   occupation matrix (subspace #         108 , spin            1 )
   0.10189   0.00004  -0.00001   0.00003   0.00005
   0.00004   0.09082   0.00015   0.00001   0.00001
  -0.00001   0.00015   0.20872   0.00007   0.00003
   0.00003   0.00001   0.00007   0.09063  -0.00009
   0.00005   0.00001   0.00003  -0.00009   0.19803
