   occupation matrix (subspace #           1 , spin            1 )
   0.16088  -0.00114   0.05362   0.00114   0.00000
  -0.00114   0.15978   0.00071  -0.06400   0.00101
   0.05362   0.00071   0.10596  -0.00071   0.00000
   0.00114  -0.06400  -0.00071   0.15978   0.00101
   0.00000   0.00101   0.00000   0.00101   0.09865
   occupation matrix (subspace #           2 , spin            1 )
   0.16477  -0.00000  -0.05688  -0.00000  -0.00000
  -0.00000   0.15651  -0.00000   0.06298   0.00000
  -0.05688  -0.00000   0.10272  -0.00000   0.00000
  -0.00000   0.06298  -0.00000   0.15652   0.00000
  -0.00000   0.00000   0.00000   0.00000   0.09973
   occupation matrix (subspace #           3 , spin            1 )
   0.15592   0.00000   0.05240  -0.00000   0.00000
   0.00000   0.16179  -0.00000  -0.06392  -0.00000
   0.05240  -0.00000   0.11624   0.00000   0.00000
  -0.00000  -0.06392   0.00000   0.16179  -0.00000
   0.00000  -0.00000   0.00000  -0.00000   0.09710
   occupation matrix (subspace #           4 , spin            1 )
   0.16081  -0.00000  -0.05367   0.00000  -0.00000
  -0.00000   0.16082  -0.00000   0.06457   0.00000
  -0.05367  -0.00000   0.10697  -0.00000   0.00000
   0.00000   0.06457  -0.00000   0.16083  -0.00000
  -0.00000   0.00000   0.00000  -0.00000   0.09936
   occupation matrix (subspace #           5 , spin            1 )
   0.16088   0.00114   0.05362  -0.00114   0.00000
   0.00114   0.15978  -0.00071  -0.06400  -0.00101
   0.05362  -0.00071   0.10596   0.00071   0.00000
  -0.00114  -0.06400   0.00071   0.15978  -0.00101
   0.00000  -0.00101   0.00000  -0.00101   0.09865
   occupation matrix (subspace #           6 , spin            1 )
   0.16081  -0.00000  -0.05367   0.00000  -0.00000
  -0.00000   0.16082  -0.00000   0.06457   0.00000
  -0.05367  -0.00000   0.10697  -0.00000   0.00000
   0.00000   0.06457  -0.00000   0.16083  -0.00000
  -0.00000   0.00000   0.00000  -0.00000   0.09936
   occupation matrix (subspace #           7 , spin            1 )
   0.16132   0.00012   0.05571  -0.00017  -0.00044
   0.00012   0.15932  -0.00036  -0.06411   0.00032
   0.05571  -0.00036   0.10447  -0.00069  -0.00025
  -0.00017  -0.06411  -0.00069   0.15885  -0.00012
  -0.00044   0.00032  -0.00025  -0.00012   0.09969
   occupation matrix (subspace #           8 , spin            1 )
   0.16021   0.00000  -0.05490  -0.00000   0.00054
   0.00000   0.16012   0.00000   0.06411  -0.00000
  -0.05490   0.00000   0.10627   0.00000  -0.00043
  -0.00000   0.06411   0.00000   0.15920   0.00000
   0.00054  -0.00000  -0.00043   0.00000   0.09892
   occupation matrix (subspace #           9 , spin            1 )
   0.16131  -0.00000   0.05586   0.00000  -0.00013
  -0.00000   0.15872   0.00000  -0.06332  -0.00000
   0.05586   0.00000   0.10447  -0.00000   0.00025
   0.00000  -0.06332  -0.00000   0.15926   0.00000
  -0.00013  -0.00000   0.00025   0.00000   0.10097
   occupation matrix (subspace #          10 , spin            1 )
   0.16120  -0.00042  -0.05536  -0.00023   0.00041
  -0.00042   0.15933  -0.00010   0.06426   0.00001
  -0.05536  -0.00010   0.10468  -0.00071  -0.00010
  -0.00023   0.06426  -0.00071   0.15897  -0.00045
   0.00041   0.00001  -0.00010  -0.00045   0.09913
   occupation matrix (subspace #          11 , spin            1 )
   0.16132  -0.00012   0.05571   0.00017  -0.00044
  -0.00012   0.15932   0.00036  -0.06411  -0.00032
   0.05571   0.00036   0.10447   0.00069  -0.00025
   0.00017  -0.06411   0.00069   0.15885   0.00012
  -0.00044  -0.00032  -0.00025   0.00012   0.09969
   occupation matrix (subspace #          12 , spin            1 )
   0.16120   0.00042  -0.05536   0.00023   0.00041
   0.00042   0.15933   0.00010   0.06426  -0.00001
  -0.05536   0.00010   0.10468   0.00071  -0.00010
   0.00023   0.06426   0.00071   0.15897   0.00045
   0.00041  -0.00001  -0.00010   0.00045   0.09913
   occupation matrix (subspace #          13 , spin            1 )
   0.16113   0.00028   0.05633   0.00028   0.00000
   0.00028   0.15909   0.00057  -0.06357  -0.00013
   0.05633   0.00057   0.10449   0.00057   0.00000
   0.00028  -0.06357   0.00057   0.15910   0.00014
   0.00000  -0.00013   0.00000   0.00014   0.10097
   occupation matrix (subspace #          14 , spin            1 )
   0.16021  -0.00000  -0.05490   0.00000   0.00054
  -0.00000   0.16012  -0.00000   0.06411  -0.00000
  -0.05490  -0.00000   0.10627  -0.00000  -0.00043
   0.00000   0.06411  -0.00000   0.15920  -0.00000
   0.00054  -0.00000  -0.00043  -0.00000   0.09892
   occupation matrix (subspace #          15 , spin            1 )
   0.16115   0.00000   0.05681   0.00000   0.00000
   0.00000   0.15943  -0.00000  -0.06039   0.00000
   0.05681  -0.00000   0.10373   0.00000   0.00000
   0.00000  -0.06039   0.00000   0.15944  -0.00000
   0.00000   0.00000   0.00000  -0.00000   0.10673
   occupation matrix (subspace #          16 , spin            1 )
   0.16120   0.00042  -0.05536   0.00023   0.00041
   0.00042   0.15933   0.00010   0.06426  -0.00001
  -0.05536   0.00010   0.10468   0.00071  -0.00010
   0.00023   0.06426   0.00071   0.15897   0.00045
   0.00041  -0.00001  -0.00010   0.00045   0.09913
   occupation matrix (subspace #          17 , spin            1 )
   0.16113  -0.00028   0.05633  -0.00028   0.00000
  -0.00028   0.15909  -0.00057  -0.06357   0.00013
   0.05633  -0.00057   0.10449  -0.00057   0.00000
  -0.00028  -0.06357  -0.00057   0.15910  -0.00014
   0.00000   0.00013   0.00000  -0.00014   0.10097
   occupation matrix (subspace #          18 , spin            1 )
   0.16120  -0.00042  -0.05536  -0.00023   0.00041
  -0.00042   0.15933  -0.00010   0.06426   0.00001
  -0.05536  -0.00010   0.10468  -0.00071  -0.00010
  -0.00023   0.06426  -0.00071   0.15897  -0.00045
   0.00041   0.00001  -0.00010  -0.00045   0.09913
   occupation matrix (subspace #          19 , spin            1 )
   0.16132   0.00017   0.05571  -0.00013   0.00045
   0.00017   0.15885   0.00069  -0.06411  -0.00012
   0.05571   0.00069   0.10447   0.00036   0.00025
  -0.00013  -0.06411   0.00036   0.15933   0.00032
   0.00045  -0.00012   0.00025   0.00032   0.09969
   occupation matrix (subspace #          20 , spin            1 )
   0.16021   0.00000  -0.05490   0.00000  -0.00055
   0.00000   0.15920   0.00000   0.06411  -0.00000
  -0.05490   0.00000   0.10627   0.00000   0.00044
   0.00000   0.06411   0.00000   0.16012   0.00000
  -0.00055  -0.00000   0.00044   0.00000   0.09892
   occupation matrix (subspace #          21 , spin            1 )
   0.16131   0.00000   0.05586  -0.00000   0.00013
   0.00000   0.15925  -0.00000  -0.06332   0.00000
   0.05586  -0.00000   0.10447   0.00000  -0.00025
  -0.00000  -0.06332   0.00000   0.15872   0.00000
   0.00013   0.00000  -0.00025   0.00000   0.10097
   occupation matrix (subspace #          22 , spin            1 )
   0.16120   0.00023  -0.05536   0.00042  -0.00041
   0.00023   0.15897   0.00071   0.06426  -0.00045
  -0.05536   0.00071   0.10468   0.00010   0.00010
   0.00042   0.06426   0.00010   0.15934   0.00001
  -0.00041  -0.00045   0.00010   0.00001   0.09913
   occupation matrix (subspace #          23 , spin            1 )
   0.16132  -0.00017   0.05571   0.00013   0.00045
  -0.00017   0.15885  -0.00069  -0.06411   0.00012
   0.05571  -0.00069   0.10447  -0.00036   0.00025
   0.00013  -0.06411  -0.00036   0.15933  -0.00032
   0.00045   0.00012   0.00025  -0.00032   0.09969
   occupation matrix (subspace #          24 , spin            1 )
   0.16120  -0.00023  -0.05536  -0.00042  -0.00041
  -0.00023   0.15897  -0.00071   0.06426   0.00045
  -0.05536  -0.00071   0.10468  -0.00010   0.00010
  -0.00042   0.06426  -0.00010   0.15934  -0.00001
  -0.00041   0.00045   0.00010  -0.00001   0.09913
   occupation matrix (subspace #          25 , spin            1 )
   0.16079  -0.00000   0.05907   0.00000   0.00000
  -0.00000   0.16011  -0.00000  -0.06306   0.00000
   0.05907  -0.00000   0.10503  -0.00000   0.00000
   0.00000  -0.06306  -0.00000   0.16011  -0.00000
   0.00000   0.00000   0.00000  -0.00000   0.10038
   occupation matrix (subspace #          26 , spin            1 )
   0.16412  -0.00000  -0.05932   0.00000  -0.00000
  -0.00000   0.15709   0.00000   0.06061   0.00000
  -0.05932   0.00000   0.10343  -0.00000   0.00000
   0.00000   0.06061  -0.00000   0.15709   0.00000
  -0.00000   0.00000   0.00000   0.00000   0.10589
   occupation matrix (subspace #          27 , spin            1 )
   0.94366   0.00000  -0.68950   0.00000  -0.00002
   0.00000   1.28469   0.00000   0.73583   0.00000
  -0.68950   0.00000   1.57860  -0.00000  -0.00001
   0.00000   0.73583  -0.00000   1.28466   0.00000
  -0.00002   0.00000  -0.00001   0.00000   1.86817
   occupation matrix (subspace #          28 , spin            1 )
   0.16304   0.00303  -0.05830  -0.00303  -0.00000
   0.00303   0.15721  -0.00203   0.06194   0.00154
  -0.05830  -0.00203   0.10496   0.00203   0.00000
  -0.00303   0.06194   0.00203   0.15721   0.00154
  -0.00000   0.00154   0.00000   0.00154   0.11065
   occupation matrix (subspace #          29 , spin            1 )
   0.16079   0.00000   0.05907   0.00000   0.00000
   0.00000   0.16011  -0.00000  -0.06306   0.00000
   0.05907  -0.00000   0.10503   0.00000   0.00000
   0.00000  -0.06306   0.00000   0.16011   0.00000
   0.00000   0.00000   0.00000   0.00000   0.10038
   occupation matrix (subspace #          30 , spin            1 )
   0.16304  -0.00303  -0.05830   0.00303  -0.00000
  -0.00303   0.15721   0.00203   0.06194  -0.00154
  -0.05830   0.00203   0.10496  -0.00203   0.00000
   0.00303   0.06194  -0.00203   0.15721  -0.00154
  -0.00000  -0.00154   0.00000  -0.00154   0.11065
   occupation matrix (subspace #          31 , spin            1 )
   0.16132  -0.00017   0.05571   0.00013   0.00045
  -0.00017   0.15885  -0.00069  -0.06411   0.00012
   0.05571  -0.00069   0.10447  -0.00036   0.00025
   0.00013  -0.06411  -0.00036   0.15933  -0.00032
   0.00045   0.00012   0.00025  -0.00032   0.09969
   occupation matrix (subspace #          32 , spin            1 )
   0.15666  -0.00000  -0.05324  -0.00000  -0.00000
  -0.00000   0.16130  -0.00000   0.06254  -0.00000
  -0.05324  -0.00000   0.11588  -0.00000   0.00000
  -0.00000   0.06254  -0.00000   0.16130   0.00000
  -0.00000  -0.00000   0.00000   0.00000   0.09817
   occupation matrix (subspace #          33 , spin            1 )
   0.16131  -0.00000   0.05586   0.00000   0.00013
  -0.00000   0.15925   0.00000  -0.06332  -0.00000
   0.05586   0.00000   0.10447  -0.00000  -0.00025
   0.00000  -0.06332  -0.00000   0.15872  -0.00000
   0.00013  -0.00000  -0.00025  -0.00000   0.10097
   occupation matrix (subspace #          34 , spin            1 )
   0.15963  -0.00012  -0.05455  -0.00012  -0.00000
  -0.00012   0.16132   0.00290   0.06201  -0.00019
  -0.05455   0.00290   0.10561   0.00290   0.00000
  -0.00012   0.06201   0.00290   0.16132   0.00019
  -0.00000  -0.00019   0.00000   0.00019   0.09958
   occupation matrix (subspace #          35 , spin            1 )
   0.16132   0.00017   0.05571  -0.00013   0.00045
   0.00017   0.15885   0.00069  -0.06411  -0.00012
   0.05571   0.00069   0.10447   0.00036   0.00025
  -0.00013  -0.06411   0.00036   0.15933   0.00032
   0.00045  -0.00012   0.00025   0.00032   0.09969
   occupation matrix (subspace #          36 , spin            1 )
   0.15963   0.00012  -0.05455   0.00012  -0.00000
   0.00012   0.16132  -0.00290   0.06201   0.00019
  -0.05455  -0.00290   0.10561  -0.00290   0.00000
   0.00012   0.06201  -0.00290   0.16132  -0.00019
  -0.00000   0.00019   0.00000  -0.00019   0.09958
   occupation matrix (subspace #          37 , spin            1 )
   0.16113  -0.00028   0.05633  -0.00028   0.00000
  -0.00028   0.15909  -0.00057  -0.06357   0.00013
   0.05633  -0.00057   0.10449  -0.00057   0.00000
  -0.00028  -0.06357  -0.00057   0.15910  -0.00014
   0.00000   0.00013   0.00000  -0.00014   0.10097
   occupation matrix (subspace #          38 , spin            1 )
   0.16021   0.00000  -0.05490  -0.00000  -0.00055
   0.00000   0.15920   0.00000   0.06411  -0.00000
  -0.05490   0.00000   0.10627  -0.00000   0.00044
  -0.00000   0.06411  -0.00000   0.16012  -0.00000
  -0.00055  -0.00000   0.00044  -0.00000   0.09892
   occupation matrix (subspace #          39 , spin            1 )
   0.16115  -0.00000   0.05681   0.00000   0.00000
  -0.00000   0.15943   0.00000  -0.06039  -0.00000
   0.05681   0.00000   0.10373  -0.00000   0.00000
   0.00000  -0.06039  -0.00000   0.15944   0.00000
   0.00000  -0.00000   0.00000   0.00000   0.10673
   occupation matrix (subspace #          40 , spin            1 )
   0.16120  -0.00023  -0.05536  -0.00042  -0.00041
  -0.00023   0.15897  -0.00071   0.06426   0.00045
  -0.05536  -0.00071   0.10468  -0.00010   0.00010
  -0.00042   0.06426  -0.00010   0.15934  -0.00001
  -0.00041   0.00045   0.00010  -0.00001   0.09913
   occupation matrix (subspace #          41 , spin            1 )
   0.16113   0.00028   0.05633   0.00028   0.00000
   0.00028   0.15909   0.00057  -0.06357  -0.00013
   0.05633   0.00057   0.10449   0.00057   0.00000
   0.00028  -0.06357   0.00057   0.15910   0.00014
   0.00000  -0.00013   0.00000   0.00014   0.10097
   occupation matrix (subspace #          42 , spin            1 )
   0.16120   0.00023  -0.05536   0.00042  -0.00041
   0.00023   0.15897   0.00071   0.06426  -0.00045
  -0.05536   0.00071   0.10468   0.00010   0.00010
   0.00042   0.06426   0.00010   0.15934   0.00001
  -0.00041  -0.00045   0.00010   0.00001   0.09913
   occupation matrix (subspace #          43 , spin            1 )
   0.16132  -0.00012   0.05571   0.00017  -0.00044
  -0.00012   0.15932   0.00036  -0.06411  -0.00032
   0.05571   0.00036   0.10447   0.00069  -0.00025
   0.00017  -0.06411   0.00069   0.15885   0.00012
  -0.00044  -0.00032  -0.00025   0.00012   0.09969
   occupation matrix (subspace #          44 , spin            1 )
   0.15666  -0.00000  -0.05324  -0.00000  -0.00000
  -0.00000   0.16130  -0.00000   0.06254   0.00000
  -0.05324  -0.00000   0.11588  -0.00000   0.00000
  -0.00000   0.06254  -0.00000   0.16130  -0.00000
  -0.00000   0.00000   0.00000  -0.00000   0.09817
   occupation matrix (subspace #          45 , spin            1 )
   0.16131   0.00000   0.05586  -0.00000  -0.00013
   0.00000   0.15872  -0.00000  -0.06332   0.00000
   0.05586  -0.00000   0.10447   0.00000   0.00025
  -0.00000  -0.06332   0.00000   0.15926   0.00000
  -0.00013   0.00000   0.00025   0.00000   0.10097
   occupation matrix (subspace #          46 , spin            1 )
   0.15963   0.00012  -0.05455   0.00012  -0.00000
   0.00012   0.16132  -0.00290   0.06201   0.00019
  -0.05455  -0.00290   0.10561  -0.00290   0.00000
   0.00012   0.06201  -0.00290   0.16132  -0.00019
  -0.00000   0.00019   0.00000  -0.00019   0.09958
   occupation matrix (subspace #          47 , spin            1 )
   0.16132   0.00012   0.05571  -0.00017  -0.00044
   0.00012   0.15932  -0.00036  -0.06411   0.00032
   0.05571  -0.00036   0.10447  -0.00069  -0.00025
  -0.00017  -0.06411  -0.00069   0.15885  -0.00012
  -0.00044   0.00032  -0.00025  -0.00012   0.09969
   occupation matrix (subspace #          48 , spin            1 )
   0.15963  -0.00012  -0.05455  -0.00012  -0.00000
  -0.00012   0.16132   0.00290   0.06201  -0.00019
  -0.05455   0.00290   0.10561   0.00290   0.00000
  -0.00012   0.06201   0.00290   0.16132   0.00019
  -0.00000  -0.00019   0.00000   0.00019   0.09958
   occupation matrix (subspace #          49 , spin            1 )
   0.16088   0.00114   0.05362  -0.00114   0.00000
   0.00114   0.15978  -0.00071  -0.06400  -0.00101
   0.05362  -0.00071   0.10596   0.00071   0.00000
  -0.00114  -0.06400   0.00071   0.15978  -0.00101
   0.00000  -0.00101   0.00000  -0.00101   0.09865
   occupation matrix (subspace #          50 , spin            1 )
   0.16412  -0.00000  -0.05932   0.00000  -0.00000
  -0.00000   0.15709   0.00000   0.06061   0.00000
  -0.05932   0.00000   0.10343  -0.00000   0.00000
   0.00000   0.06061  -0.00000   0.15709   0.00000
  -0.00000   0.00000   0.00000   0.00000   0.10589
   occupation matrix (subspace #          51 , spin            1 )
   0.15592   0.00000   0.05240  -0.00000   0.00000
   0.00000   0.16179   0.00000  -0.06392  -0.00000
   0.05240   0.00000   0.11624  -0.00000   0.00000
  -0.00000  -0.06392  -0.00000   0.16179  -0.00000
   0.00000  -0.00000   0.00000  -0.00000   0.09710
   occupation matrix (subspace #          52 , spin            1 )
   0.16304  -0.00303  -0.05830   0.00303  -0.00000
  -0.00303   0.15721   0.00203   0.06194  -0.00154
  -0.05830   0.00203   0.10496  -0.00203   0.00000
   0.00303   0.06194  -0.00203   0.15721  -0.00154
  -0.00000  -0.00154   0.00000  -0.00154   0.11065
   occupation matrix (subspace #          53 , spin            1 )
   0.16088  -0.00114   0.05362   0.00114   0.00000
  -0.00114   0.15978   0.00071  -0.06400   0.00101
   0.05362   0.00071   0.10596  -0.00071   0.00000
   0.00114  -0.06400  -0.00071   0.15978   0.00101
   0.00000   0.00101   0.00000   0.00101   0.09865
   occupation matrix (subspace #          54 , spin            1 )
   0.16304   0.00303  -0.05830  -0.00303  -0.00000
   0.00303   0.15721  -0.00203   0.06194   0.00154
  -0.05830  -0.00203   0.10496   0.00203   0.00000
  -0.00303   0.06194   0.00203   0.15721   0.00154
  -0.00000   0.00154   0.00000   0.00154   0.11065
