   occupation matrix (subspace #           1 , spin            1 )
   0.10188  -0.00000  -0.00000  -0.00000   0.00000
  -0.00000   0.09074  -0.00000   0.00000  -0.00000
  -0.00000  -0.00000   0.20869  -0.00000   0.00000
  -0.00000   0.00000  -0.00000   0.09074   0.00000
   0.00000  -0.00000   0.00000   0.00000   0.19805
   occupation matrix (subspace #           2 , spin            1 )
   0.10188  -0.00000  -0.00000  -0.00000   0.00000
  -0.00000   0.09074   0.00000  -0.00000  -0.00000
  -0.00000   0.00000   0.20869  -0.00000   0.00000
  -0.00000  -0.00000  -0.00000   0.09074   0.00000
   0.00000  -0.00000   0.00000   0.00000   0.19805
   occupation matrix (subspace #           3 , spin            1 )
   0.10188  -0.00000   0.00000  -0.00000  -0.00000
  -0.00000   0.09074  -0.00000  -0.00000  -0.00000
   0.00000  -0.00000   0.20869  -0.00000   0.00000
  -0.00000  -0.00000  -0.00000   0.09074   0.00000
  -0.00000  -0.00000   0.00000   0.00000   0.19805
   occupation matrix (subspace #           4 , spin            1 )
   0.10188  -0.00000  -0.00000  -0.00000   0.00000
  -0.00000   0.09074  -0.00000  -0.00000  -0.00000
  -0.00000  -0.00000   0.20869  -0.00000   0.00000
  -0.00000  -0.00000  -0.00000   0.09074   0.00000
   0.00000  -0.00000   0.00000   0.00000   0.19805
   occupation matrix (subspace #           5 , spin            1 )
   1.44384  -0.00000  -0.00000
  -0.00000   1.56029   0.00000
  -0.00000   0.00000   1.63425
   occupation matrix (subspace #           6 , spin            1 )
   1.63425   0.00000  -0.00000
   0.00000   1.56029  -0.00000
  -0.00000  -0.00000   1.44385
   occupation matrix (subspace #           7 , spin            1 )
   1.44384  -0.00000   0.00000
  -0.00000   1.56029   0.00000
   0.00000   0.00000   1.63425
   occupation matrix (subspace #           8 , spin            1 )
   1.63425   0.00000   0.00000
   0.00000   1.56029  -0.00000
   0.00000  -0.00000   1.44385
   occupation matrix (subspace #           9 , spin            1 )
   1.44384   0.00000  -0.00000
   0.00000   1.56029   0.00000
  -0.00000   0.00000   1.63425
   occupation matrix (subspace #          10 , spin            1 )
   1.63425   0.00000   0.00000
   0.00000   1.56029  -0.00000
   0.00000  -0.00000   1.44385
   occupation matrix (subspace #          11 , spin            1 )
   1.44384  -0.00000   0.00000
  -0.00000   1.56029   0.00000
   0.00000   0.00000   1.63425
   occupation matrix (subspace #          12 , spin            1 )
   1.63425   0.00000  -0.00000
   0.00000   1.56029  -0.00000
  -0.00000  -0.00000   1.44385
