   occupation matrix (subspace #           1 , spin            1 )
   0.10202  -0.00004  -0.00000  -0.00012  -0.00005
  -0.00004   0.09082  -0.00003   0.00001  -0.00002
  -0.00000  -0.00003   0.20841  -0.00030   0.00002
  -0.00012   0.00001  -0.00030   0.09069   0.00003
  -0.00005  -0.00002   0.00002   0.00003   0.19821
   occupation matrix (subspace #           2 , spin            1 )
   0.10193  -0.00000  -0.00001   0.00001   0.00002
  -0.00000   0.09076   0.00001   0.00000   0.00001
  -0.00001   0.00001   0.20862   0.00006  -0.00000
   0.00001   0.00000   0.00006   0.09073  -0.00011
   0.00002   0.00001  -0.00000  -0.00011   0.19808
   occupation matrix (subspace #           3 , spin            1 )
   0.10190   0.00000  -0.00000   0.00000   0.00000
   0.00000   0.09077   0.00000   0.00000  -0.00000
  -0.00000   0.00000   0.20864  -0.00002  -0.00002
   0.00000   0.00000  -0.00002   0.09070   0.00000
   0.00000  -0.00000  -0.00002   0.00000   0.19808
   occupation matrix (subspace #           4 , spin            1 )
   0.10190  -0.00000  -0.00000  -0.00000   0.00000
  -0.00000   0.09073   0.00000  -0.00000  -0.00000
  -0.00000   0.00000   0.20863  -0.00003   0.00003
  -0.00000  -0.00000  -0.00003   0.09076   0.00000
   0.00000  -0.00000   0.00003   0.00000   0.19808
   occupation matrix (subspace #           5 , spin            1 )
   0.10121  -0.00001   0.00004  -0.00006  -0.00030
  -0.00001   0.08941  -0.00009   0.00000   0.00037
   0.00004  -0.00009   0.20964   0.00027  -0.00003
  -0.00006   0.00000   0.00027   0.09170  -0.00001
  -0.00030   0.00037  -0.00003  -0.00001   0.19797
   occupation matrix (subspace #           6 , spin            1 )
   0.10335   0.00001  -0.00017   0.00020   0.00100
   0.00001   0.09196   0.00092   0.00003   0.00074
  -0.00017   0.00092   0.20776  -0.00024   0.00017
   0.00020   0.00003  -0.00024   0.08961   0.00025
   0.00100   0.00074   0.00017   0.00025   0.19790
   occupation matrix (subspace #           7 , spin            1 )
   0.10216   0.00003  -0.00000  -0.00000  -0.00000
   0.00003   0.08980  -0.00000  -0.00000  -0.00000
  -0.00000  -0.00000   0.20796   0.00073   0.00002
  -0.00000  -0.00000   0.00073   0.09156  -0.00137
  -0.00000  -0.00000   0.00002  -0.00137   0.19863
   occupation matrix (subspace #           8 , spin            1 )
   0.10186  -0.00014   0.00000  -0.00000  -0.00000
  -0.00014   0.09170  -0.00000  -0.00000  -0.00000
   0.00000  -0.00000   0.20896   0.00036   0.00025
  -0.00000  -0.00000   0.00036   0.08905  -0.00057
  -0.00000  -0.00000   0.00025  -0.00057   0.19829
   occupation matrix (subspace #           9 , spin            1 )
   0.10190   0.00002   0.00000  -0.00000  -0.00003
   0.00002   0.09073  -0.00000  -0.00000  -0.00001
   0.00000  -0.00000   0.20865   0.00006   0.00005
  -0.00000  -0.00000   0.00006   0.09076  -0.00007
  -0.00003  -0.00001   0.00005  -0.00007   0.19807
   occupation matrix (subspace #          10 , spin            1 )
   0.10193   0.00000   0.00000   0.00003  -0.00005
   0.00000   0.09075   0.00006   0.00000   0.00008
   0.00000   0.00006   0.20857   0.00006   0.00002
   0.00003   0.00000   0.00006   0.09075  -0.00002
  -0.00005   0.00008   0.00002  -0.00002   0.19810
   occupation matrix (subspace #          11 , spin            1 )
   0.10178   0.00002  -0.00000   0.00000  -0.00000
   0.00002   0.09052   0.00000   0.00000   0.00000
  -0.00000   0.00000   0.20912  -0.00017  -0.00013
   0.00000   0.00000  -0.00017   0.09122   0.00023
  -0.00000   0.00000  -0.00013   0.00023   0.19767
   occupation matrix (subspace #          12 , spin            1 )
   0.10187   0.00006   0.00000   0.00000  -0.00000
   0.00006   0.09063   0.00000   0.00000   0.00000
   0.00000   0.00000   0.20869  -0.00001   0.00006
   0.00000   0.00000  -0.00001   0.09085   0.00004
  -0.00000   0.00000   0.00006   0.00004   0.19805
   occupation matrix (subspace #          13 , spin            1 )
   0.10184   0.00005   0.00000   0.00000   0.00000
   0.00005   0.09027   0.00000  -0.00000   0.00000
   0.00000   0.00000   0.20867   0.00012   0.00004
   0.00000  -0.00000   0.00012   0.09134  -0.00001
   0.00000   0.00000   0.00004  -0.00001   0.19793
   occupation matrix (subspace #          14 , spin            1 )
   0.10191   0.00007   0.00000  -0.00000   0.00000
   0.00007   0.09076  -0.00000  -0.00000  -0.00000
   0.00000  -0.00000   0.20865   0.00014  -0.00007
  -0.00000  -0.00000   0.00014   0.09070  -0.00021
   0.00000  -0.00000  -0.00007  -0.00021   0.19808
   occupation matrix (subspace #          15 , spin            1 )
   0.10190   0.00001  -0.00000   0.00000   0.00000
   0.00001   0.09079   0.00000  -0.00000   0.00000
  -0.00000   0.00000   0.20864   0.00000  -0.00003
   0.00000  -0.00000   0.00000   0.09069  -0.00001
   0.00000   0.00000  -0.00003  -0.00001   0.19808
   occupation matrix (subspace #          16 , spin            1 )
   0.10191   0.00001  -0.00000  -0.00001   0.00000
   0.00001   0.09074  -0.00000   0.00000  -0.00000
  -0.00000  -0.00000   0.20863  -0.00001   0.00002
  -0.00001   0.00000  -0.00001   0.09074  -0.00001
   0.00000  -0.00000   0.00002  -0.00001   0.19808
   occupation matrix (subspace #          17 , spin            1 )
   0.10197   0.00570   0.00000   0.00000  -0.00000
   0.00570   0.09790  -0.00000  -0.00000   0.00000
   0.00000  -0.00000   0.20943   0.00689   0.00127
   0.00000  -0.00000   0.00689   0.09128  -0.00195
  -0.00000   0.00000   0.00127  -0.00195   0.19868
   occupation matrix (subspace #          18 , spin            1 )
   0.10926   0.00440   0.00000  -0.00000  -0.00000
   0.00440   0.08163  -0.00000  -0.00000   0.00000
   0.00000  -0.00000   0.20503   0.00186  -0.00273
  -0.00000  -0.00000   0.00186   0.09903  -0.00281
  -0.00000   0.00000  -0.00273  -0.00281   0.20143
   occupation matrix (subspace #          19 , spin            1 )
   0.10186  -0.00006  -0.00012  -0.00023   0.00077
  -0.00006   0.09117  -0.00012   0.00007  -0.00008
  -0.00012  -0.00012   0.20868   0.00076  -0.00023
  -0.00023   0.00007   0.00076   0.09049  -0.00091
   0.00077  -0.00008  -0.00023  -0.00091   0.19810
   occupation matrix (subspace #          20 , spin            1 )
   0.10175  -0.00018  -0.00020   0.00062   0.00034
  -0.00018   0.09021   0.00100   0.00003   0.00136
  -0.00020   0.00100   0.20943   0.00050  -0.00073
   0.00062   0.00003   0.00050   0.09161  -0.00014
   0.00034   0.00136  -0.00073  -0.00014   0.19767
   occupation matrix (subspace #          21 , spin            1 )
   0.10190   0.00001   0.00000   0.00000  -0.00000
   0.00001   0.09073   0.00000  -0.00000  -0.00000
   0.00000   0.00000   0.20863   0.00005   0.00001
   0.00000  -0.00000   0.00005   0.09075  -0.00006
  -0.00000  -0.00000   0.00001  -0.00006   0.19808
   occupation matrix (subspace #          22 , spin            1 )
   0.10190  -0.00003  -0.00000   0.00000  -0.00000
  -0.00003   0.09070   0.00000   0.00000   0.00000
  -0.00000   0.00000   0.20860  -0.00004   0.00002
   0.00000   0.00000  -0.00004   0.09077   0.00000
  -0.00000   0.00000   0.00002   0.00000   0.19809
   occupation matrix (subspace #          23 , spin            1 )
   0.10230   0.00038   0.00003   0.00028  -0.00024
   0.00038   0.09138   0.00051  -0.00002   0.00101
   0.00003   0.00051   0.20810   0.00070  -0.00001
   0.00028  -0.00002   0.00070   0.08963  -0.00053
  -0.00024   0.00101  -0.00001  -0.00053   0.19869
   occupation matrix (subspace #          24 , spin            1 )
   0.10190   0.00004  -0.00001  -0.00002   0.00015
   0.00004   0.09103  -0.00019   0.00001   0.00005
  -0.00001  -0.00019   0.20861   0.00009  -0.00001
  -0.00002   0.00001   0.00009   0.09052  -0.00006
   0.00015   0.00005  -0.00001  -0.00006   0.19804
   occupation matrix (subspace #          25 , spin            1 )
   0.10202  -0.00004   0.00000   0.00012   0.00005
  -0.00004   0.09082   0.00003  -0.00001   0.00002
   0.00000   0.00003   0.20841  -0.00030   0.00002
   0.00012  -0.00001  -0.00030   0.09069   0.00003
   0.00005   0.00002   0.00002   0.00003   0.19821
   occupation matrix (subspace #          26 , spin            1 )
   0.10193  -0.00000   0.00001  -0.00001  -0.00002
  -0.00000   0.09076  -0.00001  -0.00000  -0.00001
   0.00001  -0.00001   0.20862   0.00006  -0.00000
  -0.00001  -0.00000   0.00006   0.09073  -0.00011
  -0.00002  -0.00001  -0.00000  -0.00011   0.19808
   occupation matrix (subspace #          27 , spin            1 )
   0.10190   0.00001   0.00000  -0.00000  -0.00000
   0.00001   0.09079  -0.00000   0.00000  -0.00000
   0.00000  -0.00000   0.20864   0.00000  -0.00003
  -0.00000   0.00000   0.00000   0.09069  -0.00001
  -0.00000  -0.00000  -0.00003  -0.00001   0.19808
   occupation matrix (subspace #          28 , spin            1 )
   0.10191   0.00001   0.00000   0.00001  -0.00000
   0.00001   0.09074   0.00000  -0.00000   0.00000
   0.00000   0.00000   0.20863  -0.00001   0.00002
   0.00001  -0.00000  -0.00001   0.09074  -0.00001
  -0.00000   0.00000   0.00002  -0.00001   0.19808
   occupation matrix (subspace #          29 , spin            1 )
   0.10121  -0.00001  -0.00004   0.00006   0.00030
  -0.00001   0.08941   0.00009  -0.00000  -0.00037
  -0.00004   0.00009   0.20964   0.00027  -0.00003
   0.00006  -0.00000   0.00027   0.09170  -0.00001
   0.00030  -0.00037  -0.00003  -0.00001   0.19797
   occupation matrix (subspace #          30 , spin            1 )
   0.10335   0.00001   0.00017  -0.00020  -0.00100
   0.00001   0.09196  -0.00092  -0.00003  -0.00074
   0.00017  -0.00092   0.20776  -0.00024   0.00017
  -0.00020  -0.00003  -0.00024   0.08961   0.00025
  -0.00100  -0.00074   0.00017   0.00025   0.19790
   occupation matrix (subspace #          31 , spin            1 )
   0.10186  -0.00006   0.00012   0.00023  -0.00077
  -0.00006   0.09117   0.00012  -0.00007   0.00008
   0.00012   0.00012   0.20868   0.00076  -0.00023
   0.00023  -0.00007   0.00076   0.09049  -0.00091
  -0.00077   0.00008  -0.00023  -0.00091   0.19810
   occupation matrix (subspace #          32 , spin            1 )
   0.10175  -0.00018   0.00020  -0.00062  -0.00034
  -0.00018   0.09021  -0.00100  -0.00003  -0.00136
   0.00020  -0.00100   0.20943   0.00050  -0.00073
  -0.00062  -0.00003   0.00050   0.09161  -0.00015
  -0.00034  -0.00136  -0.00073  -0.00015   0.19767
   occupation matrix (subspace #          33 , spin            1 )
   0.10190   0.00002  -0.00000   0.00000   0.00003
   0.00002   0.09073   0.00000   0.00000   0.00001
  -0.00000   0.00000   0.20865   0.00006   0.00005
   0.00000   0.00000   0.00006   0.09076  -0.00007
   0.00003   0.00001   0.00005  -0.00007   0.19807
   occupation matrix (subspace #          34 , spin            1 )
   0.10193   0.00000  -0.00000  -0.00003   0.00005
   0.00000   0.09075  -0.00006  -0.00000  -0.00008
  -0.00000  -0.00006   0.20857   0.00006   0.00002
  -0.00003  -0.00000   0.00006   0.09075  -0.00002
   0.00005  -0.00008   0.00002  -0.00002   0.19810
   occupation matrix (subspace #          35 , spin            1 )
   0.10230   0.00038  -0.00003  -0.00028   0.00024
   0.00038   0.09138  -0.00051   0.00002  -0.00101
  -0.00003  -0.00051   0.20810   0.00070  -0.00001
  -0.00028   0.00002   0.00070   0.08963  -0.00053
   0.00024  -0.00101  -0.00001  -0.00053   0.19869
   occupation matrix (subspace #          36 , spin            1 )
   0.10190   0.00004   0.00001   0.00002  -0.00015
   0.00004   0.09103   0.00019  -0.00001  -0.00005
   0.00001   0.00019   0.20861   0.00009  -0.00001
   0.00002  -0.00001   0.00009   0.09052  -0.00006
  -0.00015  -0.00005  -0.00001  -0.00006   0.19804
   occupation matrix (subspace #          37 , spin            1 )
   0.10202   0.00004   0.00000  -0.00012   0.00005
   0.00004   0.09082  -0.00003  -0.00001  -0.00002
   0.00000  -0.00003   0.20841   0.00030   0.00002
  -0.00012  -0.00001   0.00030   0.09069  -0.00003
   0.00005  -0.00002   0.00002  -0.00003   0.19821
   occupation matrix (subspace #          38 , spin            1 )
   0.10187  -0.00000  -0.00000  -0.00001  -0.00000
  -0.00000   0.09079  -0.00005   0.00000  -0.00001
  -0.00000  -0.00005   0.20863  -0.00000   0.00001
  -0.00001   0.00000  -0.00000   0.09071   0.00000
  -0.00000  -0.00001   0.00001   0.00000   0.19809
   occupation matrix (subspace #          39 , spin            1 )
   0.10190  -0.00000  -0.00000   0.00000   0.00000
  -0.00000   0.09077  -0.00000   0.00000  -0.00000
  -0.00000  -0.00000   0.20864   0.00002  -0.00002
   0.00000   0.00000   0.00002   0.09070  -0.00000
   0.00000  -0.00000  -0.00002  -0.00000   0.19808
   occupation matrix (subspace #          40 , spin            1 )
   0.10190  -0.00000  -0.00000  -0.00000  -0.00000
  -0.00000   0.09069  -0.00000   0.00000  -0.00000
  -0.00000  -0.00000   0.20864  -0.00000   0.00003
  -0.00000   0.00000  -0.00000   0.09078  -0.00000
  -0.00000  -0.00000   0.00003  -0.00000   0.19808
   occupation matrix (subspace #          41 , spin            1 )
   0.10121   0.00001  -0.00004  -0.00006   0.00030
   0.00001   0.08941  -0.00009  -0.00000   0.00037
  -0.00004  -0.00009   0.20964  -0.00027  -0.00003
  -0.00006  -0.00000  -0.00027   0.09170   0.00001
   0.00030   0.00037  -0.00003   0.00001   0.19797
   occupation matrix (subspace #          42 , spin            1 )
   0.10739  -0.00000   0.00000   0.00150  -0.00000
  -0.00000   0.08280  -0.00451   0.00000  -0.00445
   0.00000  -0.00451   0.21357  -0.00000  -0.00503
   0.00150   0.00000  -0.00000   0.09841   0.00000
  -0.00000  -0.00445  -0.00503   0.00000   0.19116
   occupation matrix (subspace #          43 , spin            1 )
   0.10216  -0.00003   0.00000  -0.00000   0.00000
  -0.00003   0.08980  -0.00000   0.00000  -0.00000
   0.00000  -0.00000   0.20796  -0.00073   0.00002
  -0.00000   0.00000  -0.00073   0.09156   0.00137
   0.00000  -0.00000   0.00002   0.00137   0.19863
   occupation matrix (subspace #          44 , spin            1 )
   0.10250   0.00000   0.00000  -0.00000   0.00000
   0.00000   0.08812  -0.00000   0.00000  -0.00000
   0.00000  -0.00000   0.20983   0.00000  -0.00138
  -0.00000   0.00000   0.00000   0.09607  -0.00000
   0.00000  -0.00000  -0.00138  -0.00000   0.19563
   occupation matrix (subspace #          45 , spin            1 )
   0.10190  -0.00002  -0.00000  -0.00000   0.00003
  -0.00002   0.09073  -0.00000   0.00000  -0.00001
  -0.00000  -0.00000   0.20865  -0.00006   0.00005
  -0.00000   0.00000  -0.00006   0.09076   0.00007
   0.00003  -0.00001   0.00005   0.00007   0.19807
   occupation matrix (subspace #          46 , spin            1 )
   0.10192  -0.00000  -0.00000  -0.00007  -0.00000
  -0.00000   0.09090  -0.00012  -0.00000  -0.00015
  -0.00000  -0.00012   0.20863  -0.00000  -0.00011
  -0.00007  -0.00000  -0.00000   0.09055   0.00000
  -0.00000  -0.00015  -0.00011   0.00000   0.19812
   occupation matrix (subspace #          47 , spin            1 )
   0.10178  -0.00002  -0.00000   0.00000   0.00000
  -0.00002   0.09052   0.00000  -0.00000   0.00000
  -0.00000   0.00000   0.20912   0.00017  -0.00013
   0.00000  -0.00000   0.00017   0.09122  -0.00023
   0.00000   0.00000  -0.00013  -0.00023   0.19767
   occupation matrix (subspace #          48 , spin            1 )
   0.10204   0.00000  -0.00000   0.00000   0.00000
   0.00000   0.09073   0.00000  -0.00000  -0.00000
  -0.00000   0.00000   0.20839  -0.00000  -0.00017
   0.00000  -0.00000  -0.00000   0.09071  -0.00000
   0.00000  -0.00000  -0.00017  -0.00000   0.19822
   occupation matrix (subspace #          49 , spin            1 )
   0.10184  -0.00005  -0.00000   0.00000  -0.00000
  -0.00005   0.09027   0.00000   0.00000   0.00000
  -0.00000   0.00000   0.20867  -0.00012   0.00004
   0.00000   0.00000  -0.00012   0.09134   0.00001
  -0.00000   0.00000   0.00004   0.00001   0.19793
   occupation matrix (subspace #          50 , spin            1 )
   0.10191  -0.00000  -0.00000   0.00000  -0.00000
  -0.00000   0.09081   0.00000   0.00000  -0.00000
  -0.00000   0.00000   0.20854   0.00000  -0.00011
   0.00000   0.00000   0.00000   0.09068  -0.00000
  -0.00000  -0.00000  -0.00011  -0.00000   0.19812
   occupation matrix (subspace #          51 , spin            1 )
   0.10190  -0.00001   0.00000   0.00000  -0.00000
  -0.00001   0.09079   0.00000   0.00000   0.00000
   0.00000   0.00000   0.20864  -0.00000  -0.00003
   0.00000   0.00000  -0.00000   0.09069   0.00001
  -0.00000   0.00000  -0.00003   0.00001   0.19808
   occupation matrix (subspace #          52 , spin            1 )
   0.10192   0.00000  -0.00000  -0.00001   0.00000
   0.00000   0.09070  -0.00003   0.00000  -0.00003
  -0.00000  -0.00003   0.20861   0.00000   0.00004
  -0.00001   0.00000   0.00000   0.09078  -0.00000
   0.00000  -0.00003   0.00004  -0.00000   0.19809
   occupation matrix (subspace #          53 , spin            1 )
   0.10197  -0.00570  -0.00000   0.00000   0.00000
  -0.00570   0.09790  -0.00000   0.00000   0.00000
  -0.00000  -0.00000   0.20943  -0.00689   0.00127
   0.00000   0.00000  -0.00689   0.09128   0.00195
   0.00000   0.00000   0.00127   0.00195   0.19868
   occupation matrix (subspace #          54 , spin            1 )
   1.43239  -0.00000   0.00000  -0.00004   0.00000
  -0.00000   0.45637  -0.00000  -0.00000   0.00001
   0.00000  -0.00000   0.56269  -0.00000   0.08558
  -0.00004  -0.00000  -0.00000   1.78530  -0.00000
   0.00000   0.00001   0.08558  -0.00000   0.47052
   occupation matrix (subspace #          55 , spin            1 )
   0.10186   0.00006   0.00012  -0.00023  -0.00077
   0.00006   0.09117  -0.00012  -0.00007  -0.00008
   0.00012  -0.00012   0.20868  -0.00076  -0.00023
  -0.00023  -0.00007  -0.00076   0.09049   0.00091
  -0.00077  -0.00008  -0.00023   0.00091   0.19810
   occupation matrix (subspace #          56 , spin            1 )
   0.10785   0.00000   0.00000  -0.00476  -0.00000
   0.00000   0.09208  -0.00136  -0.00000  -0.00365
   0.00000  -0.00136   0.20310   0.00000   0.00136
  -0.00476  -0.00000   0.00000   0.09370   0.00000
  -0.00000  -0.00365   0.00136   0.00000   0.19777
   occupation matrix (subspace #          57 , spin            1 )
   0.10190  -0.00001   0.00000  -0.00000  -0.00000
  -0.00001   0.09073  -0.00000  -0.00000   0.00000
   0.00000  -0.00000   0.20863  -0.00005   0.00001
  -0.00000  -0.00000  -0.00005   0.09075   0.00006
  -0.00000   0.00000   0.00001   0.00006   0.19808
   occupation matrix (subspace #          58 , spin            1 )
   0.10181   0.00000   0.00000  -0.00000   0.00000
   0.00000   0.09066   0.00000   0.00000   0.00000
   0.00000   0.00000   0.20883   0.00000  -0.00013
  -0.00000   0.00000   0.00000   0.09086  -0.00000
   0.00000   0.00000  -0.00013  -0.00000   0.19797
   occupation matrix (subspace #          59 , spin            1 )
   0.10230  -0.00038  -0.00003   0.00028   0.00024
  -0.00038   0.09138   0.00051   0.00002   0.00101
  -0.00003   0.00051   0.20810  -0.00070  -0.00001
   0.00028   0.00002  -0.00070   0.08963   0.00053
   0.00024   0.00101  -0.00001   0.00053   0.19869
   occupation matrix (subspace #          60 , spin            1 )
   0.10203  -0.00000  -0.00000   0.00009  -0.00000
  -0.00000   0.09030   0.00003   0.00000   0.00007
  -0.00000   0.00003   0.20845  -0.00000   0.00017
   0.00009   0.00000  -0.00000   0.09122  -0.00000
  -0.00000   0.00007   0.00017  -0.00000   0.19816
   occupation matrix (subspace #          61 , spin            1 )
   0.10202   0.00004  -0.00000   0.00012  -0.00005
   0.00004   0.09082   0.00003   0.00001   0.00002
  -0.00000   0.00003   0.20841   0.00030   0.00002
   0.00012   0.00001   0.00030   0.09069  -0.00003
  -0.00005   0.00002   0.00002  -0.00003   0.19821
   occupation matrix (subspace #          62 , spin            1 )
   0.10187  -0.00000   0.00000   0.00001   0.00000
  -0.00000   0.09079   0.00005  -0.00000   0.00001
   0.00000   0.00005   0.20863  -0.00000   0.00001
   0.00001  -0.00000  -0.00000   0.09071   0.00000
   0.00000   0.00001   0.00001   0.00000   0.19809
   occupation matrix (subspace #          63 , spin            1 )
   0.10190  -0.00001  -0.00000  -0.00000   0.00000
  -0.00001   0.09079  -0.00000  -0.00000  -0.00000
  -0.00000  -0.00000   0.20864  -0.00000  -0.00003
  -0.00000  -0.00000  -0.00000   0.09069   0.00001
   0.00000  -0.00000  -0.00003   0.00001   0.19808
   occupation matrix (subspace #          64 , spin            1 )
   0.10192   0.00000   0.00000   0.00001   0.00000
   0.00000   0.09070   0.00003  -0.00000   0.00003
   0.00000   0.00003   0.20861   0.00000   0.00004
   0.00001  -0.00000   0.00000   0.09078  -0.00000
   0.00000   0.00003   0.00004  -0.00000   0.19809
   occupation matrix (subspace #          65 , spin            1 )
   0.10121   0.00001   0.00004   0.00006  -0.00030
   0.00001   0.08941   0.00009   0.00000  -0.00037
   0.00004   0.00009   0.20964  -0.00027  -0.00003
   0.00006   0.00000  -0.00027   0.09170   0.00001
  -0.00030  -0.00037  -0.00003   0.00001   0.19797
   occupation matrix (subspace #          66 , spin            1 )
   0.10739  -0.00000  -0.00000  -0.00150   0.00000
  -0.00000   0.08280   0.00451  -0.00000   0.00446
  -0.00000   0.00451   0.21357   0.00000  -0.00504
  -0.00150  -0.00000   0.00000   0.09841   0.00000
   0.00000   0.00446  -0.00504   0.00000   0.19116
   occupation matrix (subspace #          67 , spin            1 )
   0.10186   0.00006  -0.00012   0.00023   0.00077
   0.00006   0.09117   0.00012   0.00007   0.00008
  -0.00012   0.00012   0.20868  -0.00076  -0.00023
   0.00023   0.00007  -0.00076   0.09049   0.00091
   0.00077   0.00008  -0.00023   0.00091   0.19810
   occupation matrix (subspace #          68 , spin            1 )
   0.10785  -0.00000  -0.00000   0.00476   0.00000
  -0.00000   0.09208   0.00136   0.00000   0.00365
  -0.00000   0.00136   0.20310  -0.00000   0.00136
   0.00476   0.00000  -0.00000   0.09370   0.00000
   0.00000   0.00365   0.00136   0.00000   0.19777
   occupation matrix (subspace #          69 , spin            1 )
   0.10190  -0.00002   0.00000   0.00000  -0.00003
  -0.00002   0.09073   0.00000  -0.00000   0.00001
   0.00000   0.00000   0.20865  -0.00006   0.00005
   0.00000  -0.00000  -0.00006   0.09076   0.00007
  -0.00003   0.00001   0.00005   0.00007   0.19807
   occupation matrix (subspace #          70 , spin            1 )
   0.10192   0.00000   0.00000   0.00007  -0.00000
   0.00000   0.09090   0.00012   0.00000   0.00015
   0.00000   0.00012   0.20863  -0.00000  -0.00011
   0.00007   0.00000  -0.00000   0.09055   0.00000
  -0.00000   0.00015  -0.00011   0.00000   0.19812
   occupation matrix (subspace #          71 , spin            1 )
   0.10230  -0.00038   0.00003  -0.00028  -0.00024
  -0.00038   0.09138  -0.00051  -0.00002  -0.00101
   0.00003  -0.00051   0.20810  -0.00070  -0.00001
  -0.00028  -0.00002  -0.00070   0.08963   0.00053
  -0.00024  -0.00101  -0.00001   0.00053   0.19869
   occupation matrix (subspace #          72 , spin            1 )
   0.10203   0.00000   0.00000  -0.00009   0.00000
   0.00000   0.09030  -0.00003  -0.00000  -0.00007
   0.00000  -0.00003   0.20845   0.00000   0.00017
  -0.00009  -0.00000   0.00000   0.09122  -0.00000
   0.00000  -0.00007   0.00017  -0.00000   0.19816
   occupation matrix (subspace #          73 , spin            1 )
   0.10183   0.00000  -0.00000   0.00002  -0.00000
   0.00000   0.09086   0.00010   0.00000   0.00017
  -0.00000   0.00010   0.20881   0.00000   0.00009
   0.00002   0.00000   0.00000   0.09046  -0.00000
  -0.00000   0.00017   0.00009  -0.00000   0.19808
   occupation matrix (subspace #          74 , spin            1 )
   0.10193   0.00000   0.00001   0.00001  -0.00002
   0.00000   0.09076   0.00001  -0.00000   0.00001
   0.00001   0.00001   0.20862  -0.00006  -0.00000
   0.00001  -0.00000  -0.00006   0.09073   0.00011
  -0.00002   0.00001  -0.00000   0.00011   0.19808
   occupation matrix (subspace #          75 , spin            1 )
   0.10193  -0.00000   0.00000   0.00000  -0.00000
  -0.00000   0.09075   0.00000  -0.00000   0.00000
   0.00000   0.00000   0.20859  -0.00000  -0.00003
   0.00000  -0.00000  -0.00000   0.09072   0.00000
  -0.00000   0.00000  -0.00003   0.00000   0.19811
   occupation matrix (subspace #          76 , spin            1 )
   0.10190   0.00000   0.00000   0.00000   0.00000
   0.00000   0.09073  -0.00000   0.00000  -0.00000
   0.00000  -0.00000   0.20863   0.00003   0.00003
   0.00000   0.00000   0.00003   0.09076  -0.00000
   0.00000  -0.00000   0.00003  -0.00000   0.19808
   occupation matrix (subspace #          77 , spin            1 )
   0.10125   0.00000  -0.00000   0.00024  -0.00000
   0.00000   0.09027   0.00049   0.00000   0.00002
  -0.00000   0.00049   0.20938   0.00000   0.00021
   0.00024   0.00000   0.00000   0.09117  -0.00000
  -0.00000   0.00002   0.00021  -0.00000   0.19801
   occupation matrix (subspace #          78 , spin            1 )
   0.10335  -0.00001   0.00017   0.00020  -0.00100
  -0.00001   0.09196   0.00092  -0.00003   0.00074
   0.00017   0.00092   0.20776   0.00024   0.00017
   0.00020  -0.00003   0.00024   0.08961  -0.00025
  -0.00100   0.00074   0.00017  -0.00025   0.19790
   occupation matrix (subspace #          79 , spin            1 )
   0.10168   0.00000  -0.00000   0.00000   0.00000
   0.00000   0.09209   0.00000   0.00000   0.00000
  -0.00000   0.00000   0.20921   0.00000   0.00060
   0.00000   0.00000   0.00000   0.08991  -0.00000
   0.00000   0.00000   0.00060  -0.00000   0.19738
   occupation matrix (subspace #          80 , spin            1 )
   0.10186   0.00014  -0.00000  -0.00000   0.00000
   0.00014   0.09170  -0.00000   0.00000  -0.00000
  -0.00000  -0.00000   0.20896  -0.00036   0.00025
  -0.00000   0.00000  -0.00036   0.08905   0.00057
   0.00000  -0.00000   0.00025   0.00057   0.19829
   occupation matrix (subspace #          81 , spin            1 )
   0.10193   0.00000   0.00000   0.00000  -0.00000
   0.00000   0.09069  -0.00003  -0.00000  -0.00001
   0.00000  -0.00003   0.20858  -0.00000   0.00002
   0.00000  -0.00000  -0.00000   0.09079   0.00000
  -0.00000  -0.00001   0.00002   0.00000   0.19811
   occupation matrix (subspace #          82 , spin            1 )
   0.10193  -0.00000  -0.00000   0.00003   0.00005
  -0.00000   0.09075   0.00006  -0.00000   0.00008
  -0.00000   0.00006   0.20857  -0.00006   0.00002
   0.00003  -0.00000  -0.00006   0.09075   0.00002
   0.00005   0.00008   0.00002   0.00002   0.19810
   occupation matrix (subspace #          83 , spin            1 )
   0.10185  -0.00000   0.00000   0.00000  -0.00000
  -0.00000   0.09061   0.00000  -0.00000   0.00000
   0.00000   0.00000   0.20892  -0.00000   0.00011
   0.00000  -0.00000  -0.00000   0.09078  -0.00000
  -0.00000   0.00000   0.00011  -0.00000   0.19802
   occupation matrix (subspace #          84 , spin            1 )
   0.10187  -0.00006  -0.00000   0.00000   0.00000
  -0.00006   0.09063   0.00000   0.00000  -0.00000
  -0.00000   0.00000   0.20869   0.00001   0.00006
   0.00000   0.00000   0.00001   0.09085  -0.00004
   0.00000  -0.00000   0.00006  -0.00004   0.19805
   occupation matrix (subspace #          85 , spin            1 )
   0.10181  -0.00000   0.00000   0.00000   0.00000
  -0.00000   0.09110   0.00000  -0.00000   0.00000
   0.00000   0.00000   0.20890  -0.00000  -0.00007
   0.00000  -0.00000  -0.00000   0.09025   0.00000
   0.00000   0.00000  -0.00007   0.00000   0.19802
   occupation matrix (subspace #          86 , spin            1 )
   0.10191  -0.00007   0.00000   0.00000   0.00000
  -0.00007   0.09076   0.00000  -0.00000   0.00000
   0.00000   0.00000   0.20865  -0.00014  -0.00007
   0.00000  -0.00000  -0.00014   0.09070   0.00021
   0.00000   0.00000  -0.00007   0.00021   0.19808
   occupation matrix (subspace #          87 , spin            1 )
   0.10192  -0.00000   0.00000   0.00000   0.00000
  -0.00000   0.09073  -0.00001  -0.00000  -0.00000
   0.00000  -0.00001   0.20862  -0.00000  -0.00003
   0.00000  -0.00000  -0.00000   0.09076   0.00000
   0.00000  -0.00000  -0.00003   0.00000   0.19809
   occupation matrix (subspace #          88 , spin            1 )
   0.10191  -0.00001   0.00000  -0.00001  -0.00000
  -0.00001   0.09074  -0.00000  -0.00000  -0.00000
   0.00000  -0.00000   0.20863   0.00001   0.00002
  -0.00001  -0.00000   0.00001   0.09074   0.00001
  -0.00000  -0.00000   0.00002   0.00001   0.19808
   occupation matrix (subspace #          89 , spin            1 )
   0.10036  -0.00000  -0.00000  -0.00000   0.00000
  -0.00000   0.09689  -0.00000   0.00000  -0.00000
  -0.00000  -0.00000   0.21070  -0.00000   0.00089
  -0.00000   0.00000  -0.00000   0.08639  -0.00000
   0.00000  -0.00000   0.00089  -0.00000   0.19497
   occupation matrix (subspace #          90 , spin            1 )
   0.10926  -0.00440  -0.00000  -0.00000   0.00000
  -0.00440   0.08163  -0.00000   0.00000   0.00000
  -0.00000  -0.00000   0.20503  -0.00186  -0.00273
  -0.00000   0.00000  -0.00186   0.09903   0.00281
   0.00000   0.00000  -0.00273   0.00281   0.20143
   occupation matrix (subspace #          91 , spin            1 )
   0.10158  -0.00000  -0.00000   0.00010  -0.00000
  -0.00000   0.09087  -0.00005   0.00000   0.00018
  -0.00000  -0.00005   0.20940  -0.00000   0.00008
   0.00010   0.00000  -0.00000   0.09053   0.00000
  -0.00000   0.00018   0.00008   0.00000   0.19759
   occupation matrix (subspace #          92 , spin            1 )
   0.10175   0.00018   0.00020   0.00062  -0.00034
   0.00018   0.09021   0.00100  -0.00003   0.00136
   0.00020   0.00100   0.20943  -0.00050  -0.00073
   0.00062  -0.00003  -0.00050   0.09161   0.00015
  -0.00034   0.00136  -0.00073   0.00015   0.19767
   occupation matrix (subspace #          93 , spin            1 )
   0.10193   0.00000  -0.00000  -0.00000   0.00000
   0.00000   0.09069  -0.00000   0.00000  -0.00000
  -0.00000  -0.00000   0.20858   0.00000   0.00000
  -0.00000   0.00000   0.00000   0.09078  -0.00000
   0.00000  -0.00000   0.00000  -0.00000   0.19812
   occupation matrix (subspace #          94 , spin            1 )
   0.10190   0.00003  -0.00000  -0.00000  -0.00000
   0.00003   0.09070  -0.00000  -0.00000   0.00000
  -0.00000  -0.00000   0.20860   0.00004   0.00002
  -0.00000  -0.00000   0.00004   0.09077  -0.00000
  -0.00000   0.00000   0.00002  -0.00000   0.19809
   occupation matrix (subspace #          95 , spin            1 )
   0.10210   0.00000  -0.00000   0.00018   0.00000
   0.00000   0.09095   0.00039   0.00000   0.00084
  -0.00000   0.00039   0.20846  -0.00000   0.00029
   0.00018   0.00000  -0.00000   0.09030  -0.00000
   0.00000   0.00084   0.00029  -0.00000   0.19822
   occupation matrix (subspace #          96 , spin            1 )
   0.10190  -0.00004   0.00001  -0.00002  -0.00015
  -0.00004   0.09103  -0.00019  -0.00001   0.00005
   0.00001  -0.00019   0.20861  -0.00009  -0.00001
  -0.00002  -0.00001  -0.00009   0.09052   0.00006
  -0.00015   0.00005  -0.00001   0.00006   0.19804
   occupation matrix (subspace #          97 , spin            1 )
   0.10183   0.00000   0.00000  -0.00002  -0.00000
   0.00000   0.09086  -0.00010   0.00000  -0.00017
   0.00000  -0.00010   0.20881   0.00000   0.00009
  -0.00002   0.00000   0.00000   0.09046  -0.00000
  -0.00000  -0.00017   0.00009  -0.00000   0.19808
   occupation matrix (subspace #          98 , spin            1 )
   0.10193   0.00000  -0.00001  -0.00001   0.00002
   0.00000   0.09076  -0.00001   0.00000  -0.00001
  -0.00001  -0.00001   0.20862  -0.00006  -0.00000
  -0.00001   0.00000  -0.00006   0.09073   0.00011
   0.00002  -0.00001  -0.00000   0.00011   0.19808
   occupation matrix (subspace #          99 , spin            1 )
   0.10192   0.00000  -0.00000  -0.00000  -0.00000
   0.00000   0.09073   0.00001   0.00000   0.00000
  -0.00000   0.00001   0.20862   0.00000  -0.00003
  -0.00000   0.00000   0.00000   0.09076   0.00000
  -0.00000   0.00000  -0.00003   0.00000   0.19809
   occupation matrix (subspace #         100 , spin            1 )
   0.10191  -0.00001  -0.00000   0.00001   0.00000
  -0.00001   0.09074   0.00000   0.00000   0.00000
  -0.00000   0.00000   0.20863   0.00001   0.00002
   0.00001   0.00000   0.00001   0.09074   0.00001
   0.00000   0.00000   0.00002   0.00001   0.19808
   occupation matrix (subspace #         101 , spin            1 )
   0.10125   0.00000   0.00000  -0.00024   0.00000
   0.00000   0.09027  -0.00049  -0.00000  -0.00002
   0.00000  -0.00049   0.20938   0.00000   0.00021
  -0.00024  -0.00000   0.00000   0.09117  -0.00000
   0.00000  -0.00002   0.00021  -0.00000   0.19801
   occupation matrix (subspace #         102 , spin            1 )
   0.10335  -0.00001  -0.00017  -0.00020   0.00100
  -0.00001   0.09196  -0.00092   0.00003  -0.00074
  -0.00017  -0.00092   0.20776   0.00024   0.00017
  -0.00020   0.00003   0.00024   0.08961  -0.00025
   0.00100  -0.00074   0.00017  -0.00025   0.19790
   occupation matrix (subspace #         103 , spin            1 )
   0.10158  -0.00000   0.00000  -0.00010  -0.00000
  -0.00000   0.09087   0.00005  -0.00000  -0.00018
   0.00000   0.00005   0.20940  -0.00000   0.00008
  -0.00010  -0.00000  -0.00000   0.09053   0.00000
  -0.00000  -0.00018   0.00008   0.00000   0.19759
   occupation matrix (subspace #         104 , spin            1 )
   0.10175   0.00018  -0.00020  -0.00062   0.00034
   0.00018   0.09021  -0.00100   0.00003  -0.00136
  -0.00020  -0.00100   0.20943  -0.00050  -0.00073
  -0.00062   0.00003  -0.00050   0.09161   0.00015
   0.00034  -0.00136  -0.00073   0.00015   0.19767
   occupation matrix (subspace #         105 , spin            1 )
   0.10193   0.00000   0.00000  -0.00000  -0.00000
   0.00000   0.09069   0.00003  -0.00000   0.00001
   0.00000   0.00003   0.20858   0.00000   0.00002
  -0.00000  -0.00000   0.00000   0.09079  -0.00000
  -0.00000   0.00001   0.00002  -0.00000   0.19811
   occupation matrix (subspace #         106 , spin            1 )
   0.10193  -0.00000   0.00000  -0.00003  -0.00005
  -0.00000   0.09075  -0.00006   0.00000  -0.00008
   0.00000  -0.00006   0.20857  -0.00006   0.00002
  -0.00003   0.00000  -0.00006   0.09075   0.00002
  -0.00005  -0.00008   0.00002   0.00002   0.19810
   occupation matrix (subspace #         107 , spin            1 )
   0.10210  -0.00000   0.00000  -0.00018  -0.00000
  -0.00000   0.09095  -0.00039   0.00000  -0.00084
   0.00000  -0.00039   0.20846  -0.00000   0.00029
  -0.00018   0.00000  -0.00000   0.09030  -0.00000
  -0.00000  -0.00084   0.00029  -0.00000   0.19822
   occupation matrix (subspace #         108 , spin            1 )
   0.10190  -0.00004  -0.00001   0.00002   0.00015
  -0.00004   0.09103   0.00019   0.00001  -0.00005
  -0.00001   0.00019   0.20861  -0.00009  -0.00001
   0.00002   0.00001  -0.00009   0.09052   0.00006
   0.00015  -0.00005  -0.00001   0.00006   0.19804
