   occupation matrix (subspace #           1 , spin            1 )
   0.10233  -0.00010   0.00003  -0.00015  -0.00013
  -0.00010   0.09075   0.00030   0.00004   0.00022
   0.00003   0.00030   0.20844  -0.00034   0.00001
  -0.00015   0.00004  -0.00034   0.09073   0.00003
  -0.00013   0.00022   0.00001   0.00003   0.19814
   occupation matrix (subspace #           2 , spin            1 )
   0.10227   0.00003   0.00002  -0.00003   0.00003
   0.00003   0.09083   0.00002   0.00001   0.00004
   0.00002   0.00002   0.20851   0.00004   0.00006
  -0.00003   0.00001   0.00004   0.09066  -0.00002
   0.00003   0.00004   0.00006  -0.00002   0.19798
   occupation matrix (subspace #           3 , spin            1 )
   0.10219  -0.00000  -0.00000   0.00000  -0.00000
  -0.00000   0.09069   0.00000  -0.00000   0.00000
  -0.00000   0.00000   0.20864  -0.00000   0.00007
   0.00000  -0.00000  -0.00000   0.09074   0.00000
  -0.00000   0.00000   0.00007   0.00000   0.19798
   occupation matrix (subspace #           4 , spin            1 )
   0.10225   0.00001  -0.00000   0.00000   0.00000
   0.00001   0.09086   0.00000   0.00000   0.00000
  -0.00000   0.00000   0.20852   0.00000  -0.00005
   0.00000   0.00000   0.00000   0.09051   0.00000
   0.00000   0.00000  -0.00005   0.00000   0.19808
   occupation matrix (subspace #           5 , spin            1 )
   0.10292  -0.00016   0.00005  -0.00024   0.00032
  -0.00016   0.08970  -0.00111   0.00004  -0.00036
   0.00005  -0.00111   0.20799  -0.00013   0.00032
  -0.00024   0.00004  -0.00013   0.09150   0.00038
   0.00032  -0.00036   0.00032   0.00038   0.19827
   occupation matrix (subspace #           6 , spin            1 )
   0.10186   0.00020  -0.00024  -0.00011   0.00078
   0.00020   0.09126  -0.00018   0.00008   0.00058
  -0.00024  -0.00018   0.20944   0.00057   0.00024
  -0.00011   0.00008   0.00057   0.08959   0.00018
   0.00078   0.00058   0.00024   0.00018   0.19795
   occupation matrix (subspace #           7 , spin            1 )
   0.10308  -0.00002  -0.00000  -0.00000   0.00000
  -0.00002   0.08971   0.00000  -0.00000   0.00000
  -0.00000   0.00000   0.20856  -0.00004  -0.00013
  -0.00000  -0.00000  -0.00004   0.09156  -0.00031
   0.00000   0.00000  -0.00013  -0.00031   0.19768
   occupation matrix (subspace #           8 , spin            1 )
   0.10064   0.00062  -0.00000  -0.00000  -0.00000
   0.00062   0.08997  -0.00000   0.00000   0.00000
  -0.00000  -0.00000   0.21024  -0.00024  -0.00006
  -0.00000   0.00000  -0.00024   0.09122   0.00054
  -0.00000   0.00000  -0.00006   0.00054   0.19767
   occupation matrix (subspace #           9 , spin            1 )
   0.10217  -0.00000  -0.00000   0.00000   0.00000
  -0.00000   0.09074   0.00001   0.00000   0.00001
  -0.00000   0.00001   0.20866  -0.00001  -0.00005
   0.00000   0.00000  -0.00001   0.09067   0.00002
   0.00000   0.00001  -0.00005   0.00002   0.19798
   occupation matrix (subspace #          10 , spin            1 )
   0.10216  -0.00000   0.00000  -0.00001   0.00002
  -0.00000   0.09070  -0.00003  -0.00000  -0.00007
   0.00000  -0.00003   0.20867  -0.00002   0.00002
  -0.00001  -0.00000  -0.00002   0.09070   0.00001
   0.00002  -0.00007   0.00002   0.00001   0.19799
   occupation matrix (subspace #          11 , spin            1 )
   0.10229   0.00002   0.00000   0.00000  -0.00000
   0.00002   0.09091   0.00000   0.00000  -0.00000
   0.00000   0.00000   0.20829   0.00018   0.00020
   0.00000   0.00000   0.00018   0.09059  -0.00001
  -0.00000  -0.00000   0.00020  -0.00001   0.19832
   occupation matrix (subspace #          12 , spin            1 )
   0.10222  -0.00004   0.00000   0.00000   0.00000
  -0.00004   0.09087   0.00000  -0.00000   0.00000
   0.00000   0.00000   0.20854  -0.00004   0.00004
   0.00000  -0.00000  -0.00004   0.09062   0.00005
   0.00000   0.00000   0.00004   0.00005   0.19801
   occupation matrix (subspace #          13 , spin            1 )
   0.10193   0.00029   0.00000   0.00000   0.00000
   0.00029   0.09118  -0.00000   0.00000   0.00000
   0.00000  -0.00000   0.20922   0.00068  -0.00067
   0.00000   0.00000   0.00068   0.09038  -0.00005
   0.00000   0.00000  -0.00067  -0.00005   0.19751
   occupation matrix (subspace #          14 , spin            1 )
   0.10213  -0.00018  -0.00000  -0.00000   0.00000
  -0.00018   0.09009   0.00000  -0.00000   0.00000
  -0.00000   0.00000   0.20883  -0.00039   0.00019
  -0.00000  -0.00000  -0.00039   0.09113   0.00054
   0.00000   0.00000   0.00019   0.00054   0.19801
   occupation matrix (subspace #          15 , spin            1 )
   0.10219  -0.00000  -0.00000   0.00001  -0.00000
  -0.00000   0.09061  -0.00001  -0.00000   0.00001
  -0.00000  -0.00001   0.20865   0.00001   0.00006
   0.00001  -0.00000   0.00001   0.09078  -0.00000
  -0.00000   0.00001   0.00006  -0.00000   0.19799
   occupation matrix (subspace #          16 , spin            1 )
   0.10218  -0.00002   0.00001   0.00003   0.00008
  -0.00002   0.09073   0.00016  -0.00001   0.00024
   0.00001   0.00016   0.20872   0.00002  -0.00011
   0.00003  -0.00001   0.00002   0.09069   0.00001
   0.00008   0.00024  -0.00011   0.00001   0.19792
   occupation matrix (subspace #          17 , spin            1 )
   0.10121  -0.00059  -0.00000   0.00000  -0.00000
  -0.00059   0.09058   0.00000  -0.00000   0.00000
  -0.00000   0.00000   0.20691  -0.00119   0.00005
   0.00000  -0.00000  -0.00119   0.09816  -0.00099
  -0.00000   0.00000   0.00005  -0.00099   0.19661
   occupation matrix (subspace #          18 , spin            1 )
   0.10210  -0.00023   0.00000  -0.00000   0.00000
  -0.00023   0.09190  -0.00000  -0.00000  -0.00000
   0.00000  -0.00000   0.20789  -0.00063  -0.00089
  -0.00000  -0.00000  -0.00063   0.09085  -0.00035
   0.00000  -0.00000  -0.00089  -0.00035   0.19787
   occupation matrix (subspace #          19 , spin            1 )
   0.10250  -0.00065   0.00008   0.00045   0.00125
  -0.00065   0.09009   0.00351   0.00179   0.00167
   0.00008   0.00351   0.20748  -0.00113   0.00009
   0.00045   0.00179  -0.00113   0.09271   0.00083
   0.00125   0.00167   0.00009   0.00083   0.19853
   occupation matrix (subspace #          20 , spin            1 )
   0.10221  -0.00010  -0.00048   0.00126   0.00342
  -0.00010   0.09221   0.00012  -0.00009  -0.00168
  -0.00048   0.00012   0.20892   0.00056   0.00080
   0.00126  -0.00009   0.00056   0.08948  -0.00072
   0.00342  -0.00168   0.00080  -0.00072   0.19754
   occupation matrix (subspace #          21 , spin            1 )
   0.10219  -0.00000  -0.00000  -0.00000   0.00000
  -0.00000   0.09076  -0.00000  -0.00000  -0.00000
  -0.00000  -0.00000   0.20864  -0.00001  -0.00005
  -0.00000  -0.00000  -0.00001   0.09065   0.00001
   0.00000  -0.00000  -0.00005   0.00001   0.19799
   occupation matrix (subspace #          22 , spin            1 )
   0.10216   0.00001  -0.00000   0.00000  -0.00000
   0.00001   0.09066   0.00000   0.00000   0.00000
  -0.00000   0.00000   0.20870   0.00001   0.00003
   0.00000   0.00000   0.00001   0.09076  -0.00000
  -0.00000   0.00000   0.00003  -0.00000   0.19795
   occupation matrix (subspace #          23 , spin            1 )
   0.10227  -0.00007   0.00005   0.00029   0.00040
  -0.00007   0.09065  -0.00008  -0.00001  -0.00008
   0.00005  -0.00008   0.20884  -0.00011  -0.00009
   0.00029  -0.00001  -0.00011   0.09070   0.00014
   0.00040  -0.00008  -0.00009   0.00014   0.19774
   occupation matrix (subspace #          24 , spin            1 )
   0.10213   0.00002   0.00000   0.00005  -0.00002
   0.00002   0.09064   0.00018  -0.00000   0.00002
   0.00000   0.00018   0.20871   0.00002  -0.00003
   0.00005  -0.00000   0.00002   0.09077  -0.00005
  -0.00002   0.00002  -0.00003  -0.00005   0.19797
   occupation matrix (subspace #          25 , spin            1 )
   0.10233  -0.00010  -0.00003   0.00015   0.00013
  -0.00010   0.09076  -0.00030  -0.00004  -0.00022
  -0.00003  -0.00030   0.20844  -0.00034   0.00001
   0.00015  -0.00004  -0.00034   0.09073   0.00003
   0.00013  -0.00022   0.00001   0.00003   0.19814
   occupation matrix (subspace #          26 , spin            1 )
   0.10227   0.00003  -0.00002   0.00003  -0.00003
   0.00003   0.09083  -0.00002  -0.00001  -0.00004
  -0.00002  -0.00002   0.20851   0.00004   0.00006
   0.00003  -0.00001   0.00004   0.09066  -0.00002
  -0.00003  -0.00004   0.00006  -0.00002   0.19798
   occupation matrix (subspace #          27 , spin            1 )
   0.10219  -0.00000   0.00000  -0.00001   0.00000
  -0.00000   0.09061   0.00001   0.00000  -0.00001
   0.00000   0.00001   0.20865   0.00001   0.00006
  -0.00001   0.00000   0.00001   0.09078  -0.00000
   0.00000  -0.00001   0.00006  -0.00000   0.19799
   occupation matrix (subspace #          28 , spin            1 )
   0.10218  -0.00002  -0.00001  -0.00003  -0.00008
  -0.00002   0.09073  -0.00016   0.00001  -0.00024
  -0.00001  -0.00016   0.20872   0.00002  -0.00011
  -0.00003   0.00001   0.00002   0.09069   0.00001
  -0.00008  -0.00024  -0.00011   0.00001   0.19792
   occupation matrix (subspace #          29 , spin            1 )
   0.10292  -0.00016  -0.00005   0.00024  -0.00032
  -0.00016   0.08970   0.00111  -0.00004   0.00036
  -0.00005   0.00111   0.20799  -0.00013   0.00032
   0.00024  -0.00004  -0.00013   0.09150   0.00038
  -0.00032   0.00036   0.00032   0.00038   0.19827
   occupation matrix (subspace #          30 , spin            1 )
   0.10186   0.00020   0.00024   0.00011  -0.00078
   0.00020   0.09126   0.00018  -0.00008  -0.00058
   0.00024   0.00018   0.20944   0.00057   0.00024
   0.00011  -0.00008   0.00057   0.08959   0.00018
  -0.00078  -0.00058   0.00024   0.00018   0.19795
   occupation matrix (subspace #          31 , spin            1 )
   0.10250  -0.00065  -0.00008  -0.00045  -0.00125
  -0.00065   0.09009  -0.00351  -0.00179  -0.00167
  -0.00008  -0.00351   0.20748  -0.00113   0.00009
  -0.00045  -0.00179  -0.00113   0.09271   0.00083
  -0.00125  -0.00167   0.00009   0.00083   0.19853
   occupation matrix (subspace #          32 , spin            1 )
   0.10221  -0.00010   0.00048  -0.00126  -0.00342
  -0.00010   0.09221  -0.00012   0.00009   0.00168
   0.00048  -0.00012   0.20892   0.00056   0.00080
  -0.00126   0.00009   0.00056   0.08948  -0.00072
  -0.00342   0.00168   0.00080  -0.00072   0.19754
   occupation matrix (subspace #          33 , spin            1 )
   0.10217  -0.00000   0.00000  -0.00000  -0.00000
  -0.00000   0.09074  -0.00001  -0.00000  -0.00001
   0.00000  -0.00001   0.20866  -0.00001  -0.00005
  -0.00000  -0.00000  -0.00001   0.09067   0.00002
  -0.00000  -0.00001  -0.00005   0.00002   0.19798
   occupation matrix (subspace #          34 , spin            1 )
   0.10216  -0.00000  -0.00000   0.00001  -0.00002
  -0.00000   0.09070   0.00003   0.00000   0.00007
  -0.00000   0.00003   0.20867  -0.00002   0.00002
   0.00001   0.00000  -0.00002   0.09070   0.00001
  -0.00002   0.00007   0.00002   0.00001   0.19799
   occupation matrix (subspace #          35 , spin            1 )
   0.10227  -0.00007  -0.00005  -0.00029  -0.00040
  -0.00007   0.09065   0.00008   0.00001   0.00008
  -0.00005   0.00008   0.20884  -0.00011  -0.00009
  -0.00029   0.00001  -0.00011   0.09070   0.00014
  -0.00040   0.00008  -0.00009   0.00014   0.19774
   occupation matrix (subspace #          36 , spin            1 )
   0.10213   0.00002  -0.00000  -0.00005   0.00002
   0.00002   0.09064  -0.00018   0.00000  -0.00002
  -0.00000  -0.00018   0.20871   0.00002  -0.00003
  -0.00005   0.00000   0.00002   0.09077  -0.00005
   0.00002  -0.00002  -0.00003  -0.00005   0.19797
   occupation matrix (subspace #          37 , spin            1 )
   0.10233   0.00010  -0.00003  -0.00015   0.00013
   0.00010   0.09076   0.00030  -0.00004   0.00022
  -0.00003   0.00030   0.20844   0.00034   0.00001
  -0.00015  -0.00004   0.00034   0.09073  -0.00003
   0.00013   0.00022   0.00001  -0.00003   0.19814
   occupation matrix (subspace #          38 , spin            1 )
   0.10226  -0.00000  -0.00000  -0.00004  -0.00000
  -0.00000   0.09070  -0.00006   0.00000  -0.00002
  -0.00000  -0.00006   0.20855  -0.00000   0.00008
  -0.00004   0.00000  -0.00000   0.09074   0.00000
  -0.00000  -0.00002   0.00008   0.00000   0.19800
   occupation matrix (subspace #          39 , spin            1 )
   0.10219   0.00000  -0.00000  -0.00000  -0.00000
   0.00000   0.09069   0.00000  -0.00000   0.00000
  -0.00000   0.00000   0.20864   0.00000   0.00007
  -0.00000  -0.00000   0.00000   0.09074  -0.00000
  -0.00000   0.00000   0.00007  -0.00000   0.19798
   occupation matrix (subspace #          40 , spin            1 )
   0.10224  -0.00000   0.00000  -0.00000  -0.00000
  -0.00000   0.09085  -0.00000  -0.00000  -0.00000
   0.00000  -0.00000   0.20855  -0.00000  -0.00008
  -0.00000  -0.00000  -0.00000   0.09053   0.00000
  -0.00000  -0.00000  -0.00008   0.00000   0.19807
   occupation matrix (subspace #          41 , spin            1 )
   0.10292   0.00016  -0.00005  -0.00024  -0.00032
   0.00016   0.08970  -0.00111  -0.00004  -0.00036
  -0.00005  -0.00111   0.20799   0.00013   0.00032
  -0.00024  -0.00004   0.00013   0.09150  -0.00038
  -0.00032  -0.00036   0.00032  -0.00038   0.19827
   occupation matrix (subspace #          42 , spin            1 )
   0.10045  -0.00000   0.00000  -0.00056   0.00000
  -0.00000   0.09810   0.00162  -0.00000  -0.00736
   0.00000   0.00162   0.20712  -0.00000  -0.00412
  -0.00056  -0.00000  -0.00000   0.09229   0.00000
   0.00000  -0.00736  -0.00412   0.00000   0.19764
   occupation matrix (subspace #          43 , spin            1 )
   0.10308   0.00002   0.00000   0.00000  -0.00000
   0.00002   0.08971   0.00000   0.00000   0.00000
   0.00000   0.00000   0.20856   0.00004  -0.00013
   0.00000   0.00000   0.00004   0.09156   0.00031
  -0.00000   0.00000  -0.00013   0.00031   0.19768
   occupation matrix (subspace #          44 , spin            1 )
   0.09913  -0.00000   0.00000   0.00000   0.00000
  -0.00000   0.10475   0.00000   0.00000   0.00000
   0.00000   0.00000   0.20614   0.00000  -0.00290
   0.00000   0.00000   0.00000   0.09132  -0.00000
   0.00000   0.00000  -0.00290  -0.00000   0.19403
   occupation matrix (subspace #          45 , spin            1 )
   0.10217   0.00000   0.00000   0.00000  -0.00000
   0.00000   0.09074   0.00001  -0.00000   0.00001
   0.00000   0.00001   0.20866   0.00001  -0.00005
   0.00000  -0.00000   0.00001   0.09067  -0.00002
  -0.00000   0.00001  -0.00005  -0.00002   0.19798
   occupation matrix (subspace #          46 , spin            1 )
   0.10218   0.00000  -0.00000   0.00001   0.00000
   0.00000   0.09068  -0.00001   0.00000  -0.00002
  -0.00000  -0.00001   0.20862   0.00000   0.00004
   0.00001   0.00000   0.00000   0.09074  -0.00000
   0.00000  -0.00002   0.00004  -0.00000   0.19800
   occupation matrix (subspace #          47 , spin            1 )
   0.10229  -0.00002  -0.00000  -0.00000   0.00000
  -0.00002   0.09091  -0.00000  -0.00000  -0.00000
  -0.00000  -0.00000   0.20829  -0.00018   0.00020
  -0.00000  -0.00000  -0.00018   0.09059   0.00001
   0.00000  -0.00000   0.00020   0.00001   0.19832
   occupation matrix (subspace #          48 , spin            1 )
   0.10217   0.00000   0.00000   0.00000  -0.00000
   0.00000   0.09082   0.00000   0.00000   0.00000
   0.00000   0.00000   0.20862   0.00000   0.00004
   0.00000   0.00000   0.00000   0.09063  -0.00000
  -0.00000   0.00000   0.00004  -0.00000   0.19798
   occupation matrix (subspace #          49 , spin            1 )
   0.10193  -0.00029  -0.00000  -0.00000   0.00000
  -0.00029   0.09118  -0.00000   0.00000  -0.00000
  -0.00000  -0.00000   0.20922  -0.00068  -0.00067
  -0.00000   0.00000  -0.00068   0.09038   0.00005
   0.00000  -0.00000  -0.00067   0.00005   0.19751
   occupation matrix (subspace #          50 , spin            1 )
   0.10203   0.00000   0.00000   0.00000  -0.00000
   0.00000   0.09066   0.00000   0.00000  -0.00000
   0.00000   0.00000   0.20918   0.00000   0.00019
   0.00000   0.00000   0.00000   0.09069   0.00000
  -0.00000  -0.00000   0.00019   0.00000   0.19776
   occupation matrix (subspace #          51 , spin            1 )
   0.10219   0.00000   0.00000   0.00001   0.00000
   0.00000   0.09061  -0.00001   0.00000   0.00001
   0.00000  -0.00001   0.20865  -0.00001   0.00006
   0.00001   0.00000  -0.00001   0.09078   0.00000
   0.00000   0.00001   0.00006   0.00000   0.19799
   occupation matrix (subspace #          52 , spin            1 )
   0.10219  -0.00000  -0.00000  -0.00000   0.00000
  -0.00000   0.09076   0.00011   0.00000   0.00016
  -0.00000   0.00011   0.20869  -0.00000  -0.00008
  -0.00000   0.00000  -0.00000   0.09064   0.00000
   0.00000   0.00016  -0.00008   0.00000   0.19795
   occupation matrix (subspace #          53 , spin            1 )
   0.10121   0.00059   0.00000   0.00000   0.00000
   0.00059   0.09058   0.00000  -0.00000   0.00000
   0.00000   0.00000   0.20691   0.00119   0.00005
   0.00000  -0.00000   0.00119   0.09816   0.00099
   0.00000   0.00000   0.00005   0.00099   0.19661
   occupation matrix (subspace #          54 , spin            1 )
   0.09093   0.00000   0.00000   0.00000   0.00000
   0.00000   0.08760  -0.00000  -0.00000   0.00000
   0.00000  -0.00000   0.32386   0.00000   0.05969
   0.00000  -0.00000   0.00000   0.06170   0.00000
   0.00000   0.00000   0.05969   0.00000   0.20788
   occupation matrix (subspace #          55 , spin            1 )
   0.10250   0.00065  -0.00008   0.00045  -0.00125
   0.00065   0.09009   0.00351  -0.00179   0.00167
  -0.00008   0.00351   0.20748   0.00113   0.00009
   0.00045  -0.00179   0.00113   0.09271  -0.00083
  -0.00125   0.00167   0.00009  -0.00083   0.19853
   occupation matrix (subspace #          56 , spin            1 )
   0.08394   0.00000  -0.00000   0.00533  -0.00000
   0.00000   0.15316  -0.04790  -0.00000  -0.07100
  -0.00000  -0.04790   0.21882   0.00000   0.03960
   0.00533  -0.00000   0.00000   0.08299  -0.00000
  -0.00000  -0.07100   0.03960  -0.00000   0.23969
   occupation matrix (subspace #          57 , spin            1 )
   0.10219   0.00000   0.00000   0.00000  -0.00000
   0.00000   0.09076   0.00000   0.00000  -0.00000
   0.00000   0.00000   0.20864   0.00001  -0.00005
   0.00000   0.00000   0.00001   0.09064  -0.00001
  -0.00000  -0.00000  -0.00005  -0.00001   0.19799
   occupation matrix (subspace #          58 , spin            1 )
   0.10217  -0.00000  -0.00000   0.00000  -0.00000
  -0.00000   0.09065   0.00000  -0.00000  -0.00000
  -0.00000   0.00000   0.20867  -0.00000   0.00005
   0.00000  -0.00000  -0.00000   0.09075   0.00000
  -0.00000  -0.00000   0.00005   0.00000   0.19797
   occupation matrix (subspace #          59 , spin            1 )
   0.10227   0.00007  -0.00005   0.00029  -0.00040
   0.00007   0.09065  -0.00008   0.00001  -0.00008
  -0.00005  -0.00008   0.20884   0.00011  -0.00009
   0.00029   0.00001   0.00011   0.09070  -0.00014
  -0.00040  -0.00008  -0.00009  -0.00014   0.19774
   occupation matrix (subspace #          60 , spin            1 )
   0.10212   0.00000  -0.00000  -0.00001   0.00000
   0.00000   0.09075  -0.00007  -0.00000   0.00001
  -0.00000  -0.00007   0.20878   0.00000  -0.00005
  -0.00001  -0.00000   0.00000   0.09062   0.00000
   0.00000   0.00001  -0.00005   0.00000   0.19795
   occupation matrix (subspace #          61 , spin            1 )
   0.10233   0.00010   0.00003   0.00015  -0.00013
   0.00010   0.09075  -0.00030   0.00004  -0.00022
   0.00003  -0.00030   0.20844   0.00034   0.00001
   0.00015   0.00004   0.00034   0.09073  -0.00003
  -0.00013  -0.00022   0.00001  -0.00003   0.19814
   occupation matrix (subspace #          62 , spin            1 )
   0.10226   0.00000  -0.00000   0.00004   0.00000
   0.00000   0.09070   0.00006  -0.00000   0.00002
  -0.00000   0.00006   0.20855   0.00000   0.00008
   0.00004  -0.00000   0.00000   0.09074   0.00000
   0.00000   0.00002   0.00008   0.00000   0.19800
   occupation matrix (subspace #          63 , spin            1 )
   0.10219   0.00000  -0.00000  -0.00001  -0.00000
   0.00000   0.09061   0.00001  -0.00000  -0.00001
  -0.00000   0.00001   0.20865  -0.00001   0.00006
  -0.00001  -0.00000  -0.00001   0.09078   0.00000
  -0.00000  -0.00001   0.00006   0.00000   0.19799
   occupation matrix (subspace #          64 , spin            1 )
   0.10219  -0.00000   0.00000   0.00000   0.00000
  -0.00000   0.09076  -0.00011   0.00000  -0.00016
   0.00000  -0.00011   0.20869   0.00000  -0.00008
   0.00000   0.00000   0.00000   0.09064  -0.00000
   0.00000  -0.00016  -0.00008  -0.00000   0.19795
   occupation matrix (subspace #          65 , spin            1 )
   0.10292   0.00016   0.00005   0.00024   0.00032
   0.00016   0.08970   0.00111   0.00004   0.00036
   0.00005   0.00111   0.20799   0.00013   0.00032
   0.00024   0.00004   0.00013   0.09150  -0.00038
   0.00032   0.00036   0.00032  -0.00038   0.19827
   occupation matrix (subspace #          66 , spin            1 )
   0.10045  -0.00000   0.00000   0.00056  -0.00000
  -0.00000   0.09810  -0.00162  -0.00000   0.00736
   0.00000  -0.00162   0.20712   0.00000  -0.00412
   0.00056  -0.00000   0.00000   0.09229  -0.00000
  -0.00000   0.00736  -0.00412  -0.00000   0.19764
   occupation matrix (subspace #          67 , spin            1 )
   0.10250   0.00065   0.00008  -0.00045   0.00125
   0.00065   0.09009  -0.00351   0.00179  -0.00167
   0.00008  -0.00351   0.20748   0.00113   0.00009
  -0.00045   0.00179   0.00113   0.09271  -0.00083
   0.00125  -0.00167   0.00009  -0.00083   0.19853
   occupation matrix (subspace #          68 , spin            1 )
   0.08394   0.00000   0.00000  -0.00533   0.00000
   0.00000   0.15316   0.04790   0.00000   0.07100
   0.00000   0.04790   0.21882  -0.00000   0.03960
  -0.00533   0.00000  -0.00000   0.08299   0.00000
   0.00000   0.07100   0.03960   0.00000   0.23969
   occupation matrix (subspace #          69 , spin            1 )
   0.10217   0.00000  -0.00000  -0.00000   0.00000
   0.00000   0.09074  -0.00001   0.00000  -0.00001
  -0.00000  -0.00001   0.20866   0.00001  -0.00005
  -0.00000   0.00000   0.00001   0.09067  -0.00002
   0.00000  -0.00001  -0.00005  -0.00002   0.19798
   occupation matrix (subspace #          70 , spin            1 )
   0.10218  -0.00000   0.00000  -0.00001   0.00000
  -0.00000   0.09068   0.00001   0.00000   0.00002
   0.00000   0.00001   0.20862  -0.00000   0.00004
  -0.00001   0.00000  -0.00000   0.09074   0.00000
   0.00000   0.00002   0.00004   0.00000   0.19800
   occupation matrix (subspace #          71 , spin            1 )
   0.10227   0.00007   0.00005  -0.00029   0.00040
   0.00007   0.09065   0.00008  -0.00001   0.00008
   0.00005   0.00008   0.20884   0.00011  -0.00009
  -0.00029  -0.00001   0.00011   0.09070  -0.00014
   0.00040   0.00008  -0.00009  -0.00014   0.19774
   occupation matrix (subspace #          72 , spin            1 )
   0.10212  -0.00000   0.00000   0.00001  -0.00000
  -0.00000   0.09075   0.00007   0.00000  -0.00001
   0.00000   0.00007   0.20878  -0.00000  -0.00005
   0.00001   0.00000  -0.00000   0.09062   0.00000
  -0.00000  -0.00001  -0.00005   0.00000   0.19795
   occupation matrix (subspace #          73 , spin            1 )
   0.10225   0.00000   0.00000   0.00003  -0.00000
   0.00000   0.09083   0.00006  -0.00000   0.00017
   0.00000   0.00006   0.20852   0.00000  -0.00010
   0.00003  -0.00000   0.00000   0.09068  -0.00000
  -0.00000   0.00017  -0.00010  -0.00000   0.19799
   occupation matrix (subspace #          74 , spin            1 )
   0.10227  -0.00003  -0.00002  -0.00003  -0.00003
  -0.00003   0.09083   0.00002  -0.00001   0.00004
  -0.00002   0.00002   0.20851  -0.00004   0.00006
  -0.00003  -0.00001  -0.00004   0.09066   0.00002
  -0.00003   0.00004   0.00006   0.00002   0.19798
   occupation matrix (subspace #          75 , spin            1 )
   0.10219   0.00000   0.00000   0.00000   0.00000
   0.00000   0.09066   0.00000   0.00000   0.00000
   0.00000   0.00000   0.20864   0.00000   0.00008
   0.00000   0.00000   0.00000   0.09076  -0.00000
   0.00000   0.00000   0.00008  -0.00000   0.19798
   occupation matrix (subspace #          76 , spin            1 )
   0.10225  -0.00001  -0.00000   0.00000  -0.00000
  -0.00001   0.09086  -0.00000   0.00000  -0.00000
  -0.00000  -0.00000   0.20852  -0.00000  -0.00005
   0.00000   0.00000  -0.00000   0.09051  -0.00000
  -0.00000  -0.00000  -0.00005  -0.00000   0.19808
   occupation matrix (subspace #          77 , spin            1 )
   0.10233  -0.00000   0.00000  -0.00010   0.00000
  -0.00000   0.09134  -0.00026   0.00000  -0.00005
   0.00000  -0.00026   0.20839  -0.00000   0.00026
  -0.00010   0.00000  -0.00000   0.09048   0.00000
   0.00000  -0.00005   0.00026   0.00000   0.19788
   occupation matrix (subspace #          78 , spin            1 )
   0.10186  -0.00020   0.00024  -0.00011  -0.00078
  -0.00020   0.09126  -0.00018  -0.00008   0.00058
   0.00024  -0.00018   0.20944  -0.00057   0.00024
  -0.00011  -0.00008  -0.00057   0.08959  -0.00018
  -0.00078   0.00058   0.00024  -0.00018   0.19795
   occupation matrix (subspace #          79 , spin            1 )
   0.10270  -0.00000  -0.00000  -0.00000   0.00000
  -0.00000   0.09068  -0.00000  -0.00000   0.00000
  -0.00000  -0.00000   0.20828  -0.00000   0.00018
  -0.00000  -0.00000  -0.00000   0.09043  -0.00000
   0.00000   0.00000   0.00018  -0.00000   0.19819
   occupation matrix (subspace #          80 , spin            1 )
   0.10064  -0.00062   0.00000   0.00000  -0.00000
  -0.00062   0.08997   0.00000  -0.00000   0.00000
   0.00000   0.00000   0.21024   0.00024  -0.00006
   0.00000  -0.00000   0.00024   0.09122  -0.00054
  -0.00000   0.00000  -0.00006  -0.00054   0.19767
   occupation matrix (subspace #          81 , spin            1 )
   0.10216  -0.00000  -0.00000  -0.00000   0.00000
  -0.00000   0.09074   0.00002   0.00000   0.00001
  -0.00000   0.00002   0.20868   0.00000  -0.00004
  -0.00000   0.00000   0.00000   0.09067  -0.00000
   0.00000   0.00001  -0.00004  -0.00000   0.19797
   occupation matrix (subspace #          82 , spin            1 )
   0.10216   0.00000  -0.00000  -0.00001  -0.00002
   0.00000   0.09070  -0.00003   0.00000  -0.00007
  -0.00000  -0.00003   0.20867   0.00002   0.00002
  -0.00001   0.00000   0.00002   0.09070  -0.00001
  -0.00002  -0.00007   0.00002  -0.00001   0.19799
   occupation matrix (subspace #          83 , spin            1 )
   0.10232   0.00000  -0.00000  -0.00000  -0.00000
   0.00000   0.09119  -0.00000   0.00000  -0.00000
  -0.00000  -0.00000   0.20826   0.00000   0.00014
  -0.00000   0.00000   0.00000   0.09018  -0.00000
  -0.00000  -0.00000   0.00014  -0.00000   0.19831
   occupation matrix (subspace #          84 , spin            1 )
   0.10222   0.00004  -0.00000   0.00000   0.00000
   0.00004   0.09087   0.00000  -0.00000   0.00000
  -0.00000   0.00000   0.20854   0.00004   0.00004
   0.00000  -0.00000   0.00004   0.09062  -0.00005
   0.00000   0.00000   0.00004  -0.00005   0.19801
   occupation matrix (subspace #          85 , spin            1 )
   0.10247  -0.00000  -0.00000   0.00000  -0.00000
  -0.00000   0.09024  -0.00000  -0.00000  -0.00000
  -0.00000  -0.00000   0.20802  -0.00000   0.00018
   0.00000  -0.00000  -0.00000   0.09128  -0.00000
  -0.00000  -0.00000   0.00018  -0.00000   0.19820
   occupation matrix (subspace #          86 , spin            1 )
   0.10213   0.00018  -0.00000  -0.00000   0.00000
   0.00018   0.09009   0.00000  -0.00000   0.00000
  -0.00000   0.00000   0.20883   0.00039   0.00019
  -0.00000  -0.00000   0.00039   0.09113  -0.00054
   0.00000   0.00000   0.00019  -0.00054   0.19801
   occupation matrix (subspace #          87 , spin            1 )
   0.10217   0.00000  -0.00000   0.00000  -0.00000
   0.00000   0.09067  -0.00004  -0.00000   0.00001
  -0.00000  -0.00004   0.20867  -0.00000   0.00006
   0.00000  -0.00000  -0.00000   0.09073  -0.00000
  -0.00000   0.00001   0.00006  -0.00000   0.19797
   occupation matrix (subspace #          88 , spin            1 )
   0.10218   0.00002  -0.00001   0.00003  -0.00008
   0.00002   0.09073   0.00016   0.00001   0.00024
  -0.00001   0.00016   0.20872  -0.00002  -0.00011
   0.00003   0.00001  -0.00002   0.09069  -0.00001
  -0.00008   0.00024  -0.00011  -0.00001   0.19792
   occupation matrix (subspace #          89 , spin            1 )
   0.10182   0.00000   0.00000   0.00000  -0.00000
   0.00000   0.08903   0.00000   0.00000   0.00000
   0.00000   0.00000   0.20904  -0.00000  -0.00100
   0.00000   0.00000  -0.00000   0.09182   0.00000
  -0.00000   0.00000  -0.00100   0.00000   0.19878
   occupation matrix (subspace #          90 , spin            1 )
   0.10210   0.00023  -0.00000   0.00000  -0.00000
   0.00023   0.09190   0.00000   0.00000   0.00000
  -0.00000   0.00000   0.20789   0.00063  -0.00089
   0.00000   0.00000   0.00063   0.09085   0.00035
  -0.00000   0.00000  -0.00089   0.00035   0.19787
   occupation matrix (subspace #          91 , spin            1 )
   0.10210  -0.00000   0.00000   0.00030  -0.00000
  -0.00000   0.09098  -0.00027   0.00000  -0.00057
   0.00000  -0.00027   0.20907  -0.00000  -0.00001
   0.00030   0.00000  -0.00000   0.09064  -0.00000
  -0.00000  -0.00057  -0.00001  -0.00000   0.19768
   occupation matrix (subspace #          92 , spin            1 )
   0.10221   0.00010   0.00048   0.00126  -0.00342
   0.00010   0.09221   0.00012   0.00009  -0.00168
   0.00048   0.00012   0.20892  -0.00056   0.00080
   0.00126   0.00009  -0.00056   0.08948   0.00072
  -0.00342  -0.00168   0.00080   0.00072   0.19754
   occupation matrix (subspace #          93 , spin            1 )
   0.10219   0.00000  -0.00000  -0.00000   0.00000
   0.00000   0.09079  -0.00000  -0.00000  -0.00000
  -0.00000  -0.00000   0.20864   0.00000  -0.00005
  -0.00000  -0.00000   0.00000   0.09063  -0.00000
   0.00000  -0.00000  -0.00005  -0.00000   0.19799
   occupation matrix (subspace #          94 , spin            1 )
   0.10216  -0.00001   0.00000  -0.00000   0.00000
  -0.00001   0.09066  -0.00000   0.00000  -0.00000
   0.00000  -0.00000   0.20870  -0.00001   0.00003
  -0.00000   0.00000  -0.00001   0.09076   0.00000
   0.00000  -0.00000   0.00003   0.00000   0.19795
   occupation matrix (subspace #          95 , spin            1 )
   0.10219   0.00000   0.00000   0.00008   0.00000
   0.00000   0.09043  -0.00027  -0.00000  -0.00055
   0.00000  -0.00027   0.20871   0.00000  -0.00014
   0.00008  -0.00000   0.00000   0.09108  -0.00000
   0.00000  -0.00055  -0.00014  -0.00000   0.19785
   occupation matrix (subspace #          96 , spin            1 )
   0.10213  -0.00002  -0.00000   0.00005   0.00002
  -0.00002   0.09064   0.00018   0.00000   0.00002
  -0.00000   0.00018   0.20871  -0.00002  -0.00003
   0.00005   0.00000  -0.00002   0.09077   0.00005
   0.00002   0.00002  -0.00003   0.00005   0.19797
   occupation matrix (subspace #          97 , spin            1 )
   0.10225  -0.00000   0.00000  -0.00003   0.00000
  -0.00000   0.09083  -0.00006   0.00000  -0.00017
   0.00000  -0.00006   0.20852  -0.00000  -0.00010
  -0.00003   0.00000  -0.00000   0.09068  -0.00000
   0.00000  -0.00017  -0.00010  -0.00000   0.19799
   occupation matrix (subspace #          98 , spin            1 )
   0.10227  -0.00003   0.00002   0.00003   0.00003
  -0.00003   0.09083  -0.00002   0.00001  -0.00004
   0.00002  -0.00002   0.20851  -0.00004   0.00006
   0.00003   0.00001  -0.00004   0.09066   0.00002
   0.00003  -0.00004   0.00006   0.00002   0.19798
   occupation matrix (subspace #          99 , spin            1 )
   0.10217   0.00000   0.00000  -0.00000   0.00000
   0.00000   0.09067   0.00004   0.00000  -0.00001
   0.00000   0.00004   0.20867   0.00000   0.00006
  -0.00000   0.00000   0.00000   0.09073  -0.00000
   0.00000  -0.00001   0.00006  -0.00000   0.19797
   occupation matrix (subspace #         100 , spin            1 )
   0.10218   0.00002   0.00001  -0.00003   0.00008
   0.00002   0.09073  -0.00016  -0.00001  -0.00024
   0.00001  -0.00016   0.20872  -0.00002  -0.00011
  -0.00003  -0.00001  -0.00002   0.09069  -0.00001
   0.00008  -0.00024  -0.00011  -0.00001   0.19792
   occupation matrix (subspace #         101 , spin            1 )
   0.10233  -0.00000  -0.00000   0.00010   0.00000
  -0.00000   0.09134   0.00026  -0.00000   0.00005
  -0.00000   0.00026   0.20839  -0.00000   0.00026
   0.00010  -0.00000  -0.00000   0.09048   0.00000
   0.00000   0.00005   0.00026   0.00000   0.19788
   occupation matrix (subspace #         102 , spin            1 )
   0.10186  -0.00020  -0.00024   0.00011   0.00078
  -0.00020   0.09126   0.00018   0.00008  -0.00058
  -0.00024   0.00018   0.20944  -0.00057   0.00024
   0.00011   0.00008  -0.00057   0.08959  -0.00018
   0.00078  -0.00058   0.00024  -0.00018   0.19795
   occupation matrix (subspace #         103 , spin            1 )
   0.10210   0.00000  -0.00000  -0.00030   0.00000
   0.00000   0.09098   0.00027  -0.00000   0.00057
  -0.00000   0.00027   0.20907   0.00000  -0.00001
  -0.00030  -0.00000   0.00000   0.09064  -0.00000
   0.00000   0.00057  -0.00001  -0.00000   0.19768
   occupation matrix (subspace #         104 , spin            1 )
   0.10221   0.00010  -0.00048  -0.00126   0.00342
   0.00010   0.09221  -0.00012  -0.00009   0.00168
  -0.00048  -0.00012   0.20892  -0.00056   0.00080
  -0.00126  -0.00009  -0.00056   0.08948   0.00072
   0.00342   0.00168   0.00080   0.00072   0.19754
   occupation matrix (subspace #         105 , spin            1 )
   0.10216   0.00000   0.00000   0.00000  -0.00000
   0.00000   0.09074  -0.00002   0.00000  -0.00001
   0.00000  -0.00002   0.20868   0.00000  -0.00004
   0.00000   0.00000   0.00000   0.09067  -0.00000
  -0.00000  -0.00001  -0.00004  -0.00000   0.19797
   occupation matrix (subspace #         106 , spin            1 )
   0.10216   0.00000   0.00000   0.00001   0.00002
   0.00000   0.09070   0.00003  -0.00000   0.00007
   0.00000   0.00003   0.20867   0.00002   0.00002
   0.00001  -0.00000   0.00002   0.09070  -0.00001
   0.00002   0.00007   0.00002  -0.00001   0.19799
   occupation matrix (subspace #         107 , spin            1 )
   0.10219  -0.00000  -0.00000  -0.00008  -0.00000
  -0.00000   0.09043   0.00027   0.00000   0.00055
  -0.00000   0.00027   0.20871  -0.00000  -0.00014
  -0.00008   0.00000  -0.00000   0.09108   0.00000
  -0.00000   0.00055  -0.00014   0.00000   0.19785
   occupation matrix (subspace #         108 , spin            1 )
   0.10213  -0.00002   0.00000  -0.00005  -0.00002
  -0.00002   0.09064  -0.00018  -0.00000  -0.00002
   0.00000  -0.00018   0.20871  -0.00002  -0.00003
  -0.00005  -0.00000  -0.00002   0.09077   0.00005
  -0.00002  -0.00002  -0.00003   0.00005   0.19797
